0.750081678
0.734431268
0.724697204
0.668956461
0.669134941
0.733421688
0.628780184
0.606594789
0.612808727
0.633319013
0.647512687
0.600319762
0.610511357
0.61503231
0.537606558
0.56595259
0.53404843
0.530547918
0.527609565
0.474058342
0.486335386
0.493493125
0.488203007
0.503872706
0.49949348
0.470162467
0.487065806
0.486624689
0.713858588
0.596791103
0.682996603
0.689502876
0.624657035
0.646199777
0.690408985
0.642907983
0.607522042
0.627922413
0.596079639
0.481674806
0.47705121
0.501800624
0.501023256
0.495016204
0.491117657
0.494474071
0.500566652
0.64983254
0.655634497
0.596696457
0.58845733
0.585821068
0.629331862
0.614271436
0.630004037
0.614950912
0.681473833
0.626133081
0.625414975
0.561329518
0.562352518
0.53618018
0.535446044
0.549685316
0.551709107
0.527741099
0.560277239
0.580941544
0.536900319
0.578815427
0.56002955
0.533022931
0.546054509
0.537009827
0.636679101
0.600320046
0.640993766
0.632411619
0.602550661
0.620095171
0.599970325
0.614331709
0.628369863
0.681440161
0.702827002
0.711944727
0.622562675
0.670273037
0.715862631
0.726933757
0.555705116
0.554115489
0.558976137
0.552064523
0.570357834
0.55646194
0.568771302
0.583007506
0.461875783
0.442096164
0.469491567
0.452765539
0.457142011
0.460839241
0.457851033
0.447719247
0.517201494
0.514236602
0.51228417
0.518008662
0.512199458
0.506424713
0.534593136
0.667192596
0.655138116
0.645335958
0.653626793
0.51854748
0.514474145
0.518828827
0.527653102
0.535409574
0.551357421
0.526347059
0.550410927
0.549143939
0.53420346
0.571698797
0.53894102
0.54527924
0.680057284
0.682374031
0.695723194
0.74747831
0.69148276
0.730079015
0.813439806
0.722938897
0.498273582
0.48514925
0.499932076
0.496759569
0.477037324
0.508604701
0.515726468
0.512534794
0.496151477
0.693325
0.64411921
0.690551109
0.659104996
0.53905992
0.522741622
0.523285825
0.51752177
0.53910397
0.515957266
0.566864943
0.542993501
0.531873173
0.534278808
0.534813534
0.534743794
0.475941973
0.471071546
0.469478171
0.457021769
0.485974873
0.478440506
0.479527422
0.474841814
0.699124126
0.72530464
0.716873831
0.705742977
0.765137282
0.750294638
0.755138282
0.768730952
0.491617918
0.462446894
0.459433633
0.488285849
0.464233417
0.48255926
0.489839908
0.514305296
0.494070952
0.506206367
0.479866626
0.488840741
0.47584001
0.623803889
0.62836573
0.667710099
0.582361281
0.560111508
0.65138172
0.62579675
0.636161469
0.644944552
0.657585143
0.671546181
0.652676845
0.610050444
0.614516631
0.603239637
0.58779841
0.589647949
0.612689599
0.594896442
0.619960115
0.592827598
0.6598547
0.661264042
0.67766942
0.69777599
0.629622151
0.658674397
0.685370034
0.620822733
0.562558902
0.552225399
0.561898578
0.57088154
0.54401531
0.513698265
0.500556667
0.512198866
0.492464226
0.479603266
0.486061521
0.485715419
0.490408915
0.518332143
0.525363475
0.496103164
0.504398598
0.498315224
0.515771623
0.530226453
0.47984632
0.641119995
0.650942343
0.667736235
0.642345915
0.655341079
0.660441179
0.65542366
0.585042351
0.605214388
0.588791955
0.623410154
0.613505898
0.487637084
0.485538972
0.494732606
0.506419822
0.514709418
0.632333188
0.623717752
0.649238192
0.613060189
0.659623034
0.651556604
0.694563303
0.66934086
0.647214016
0.692768262
0.709296638
0.598900663
0.696790423
0.610913483
0.705923802
0.684599485
0.585495804
0.585221659
0.596985071
0.600063138
0.598540233
0.590633515
0.696157338
0.646124896
0.663147723
0.639873754
0.685346278
0.58298124
0.59893323
0.717414557
0.720182657
0.687010772
0.72551721
0.62024756
0.597386621
0.62715864
0.64430508
0.582020041
0.560491955
0.550602675
0.522845149
0.557548439
0.561925521
0.550071665
0.617821402
0.618214032
0.597294417
0.615624147
0.606218139
0.601534441
0.609308997
0.605505169
0.61189213
0.584385738
0.565084704
0.591459487
0.584779822
0.590583799
0.608040694
0.70331256
0.665021195
0.606254076
0.636212523
0.672458441
0.675805014
0.622905918
0.530066398
0.555844692
0.570443559
0.594327169
0.590408908
0.559622676
0.600011913
0.56560241
0.62493006
0.615347074
0.626981874
0.608487691
0.570624469
0.549937224
0.562693829
0.552124502
0.544008716
0.526334905
0.550872808
0.725582198
0.617569764
0.692709302
0.644203742
0.69880911
0.68165201
0.626736428
0.647836517
0.573177354
0.539582358
0.556002442
0.550096241
0.469467553
0.480105777
0.456537619
0.487795655
0.484687153
0.485658813
0.47625649
0.48781504
0.494067967
0.521430648
0.521888234
0.517854081
0.509626942
0.463925909
0.46489712
0.479556513
0.478035093
0.498860853
0.470991737
0.480152416
0.486140316
0.672993125
0.473435224
0.685644777
0.647041799
0.654922112
0.608588552
0.571876903
0.53485521
0.536885542
0.58268482
0.58154786
0.579410541
0.569832771
0.56112666
0.533222513
0.53763835
0.529511282
0.52433075
0.508858474
0.512123109
0.518559676
0.540663706
0.706683056
0.720745168
0.684208866
0.697699746
0.669314151
0.674706396
0.552534349
0.522618954
0.521102158
0.539025261
0.555997274
0.526569049
0.496147588
0.520699754
0.705918442
0.64490751
0.659528575
0.722422942
0.711308529
0.503624238
0.494730141
0.478205239
0.497250543
0.551168787
0.571003046
0.572276541
0.572049959
0.548404084
0.553196566
0.536938743
0.569130893
0.477724303
0.464196392
0.486102409
0.492572801
0.484405566
0.514427642
0.537070779
0.524726457
0.545271466
0.543186256
0.511458516
0.528398494
0.498585314
0.515991186
0.515287938
0.515081605
0.494683159
0.524010461
0.46556756
0.45268173
0.491545646
0.474672734
0.494133044
0.479696679
0.558399423
0.583265481
0.558619442
0.569376475
0.560850288
0.559087323
0.617056872
0.585927024
0.589081384
0.584307385
0.579784972
0.574715345
0.495978678
0.496636369
0.518257531
0.51273248
0.465871207
0.466712969
0.506551169
0.482386553
0.586533825
0.585181344
0.564608308
0.600536817
0.562205512
0.569277351
0.576586882
0.566710008
0.631268679
0.664464459
0.58516401
0.61290756
0.644178126
0.61571772
0.570530483
0.542633275
0.525289767
0.555048756
0.549931534
0.51166749
0.555177419
0.504959485
0.61877903
0.64026943
0.617835121
0.643065083
0.592102707
0.592453732
0.607350647
0.648631066
0.524405448
0.529447295
0.529048728
0.525533897
0.517422289
0.54679716
0.556735111
0.519885064
0.543482006
0.546369735
0.557912005
0.521896353
0.451055483
0.480232086
0.456562693
0.481195365
0.470110494
0.478150006
0.463771949
0.501796673
0.486623301
0.504163947
0.508486323
0.499915902
0.587061506
0.645728795
0.649381686
0.653148718
0.60678104
0.595576343
0.580616446
0.615215577
0.609412126
0.618390271
0.68520614
0.680856964
0.623587708
0.676201163
0.625870013
0.520998952
0.568972491
0.584396775
0.589670966
0.541710662
0.575990025
0.568315992
0.546693852
0.629911071
0.625138252
0.637022394
0.660709167
0.66720065
0.710149747
0.669266756
0.626826413
0.624741991
0.594798296
0.613057161
0.629493256
0.636094216
0.615872649
0.625342504
0.592620512
0.57137026
0.569055513
0.584222618
0.572141527
0.634007381
0.670320385
0.652385134
0.637019303
0.595963287
0.612228546
0.672766219
0.634745573
0.563048842
0.609068645
0.585794436
0.577665262
0.557819944
0.556602678
0.711522328
0.713497631
0.694914293
0.665621091
0.725007707
0.659048417
0.725501315
0.66982296
0.724871528
0.681575543
0.733288393
0.649316263
0.730250452
0.761497191
0.632336506
0.643064055
0.696537021
0.767921232
0.574493548
0.570054366
0.554066765
0.547074665
0.545281055
0.680425208
0.650780426
0.678060939
0.69076891
0.689701739
0.647366412
0.65334404