0.516303707
0.510896885
0.470935278
0.524734285
0.52148084
0.457486869
0.453081972
0.493922431
0.510692299
0.484138244
0.455776129
0.576260393
0.474293601
0.462943914
0.45888263
0.486306451
0.49037215
0.495087467
0.499297754
0.487141164
0.506707402
0.451798368
0.50660064
0.489694137
0.507073727
0.530042048
0.485946111
0.516407715
0.44959396
0.473819972
0.453028993
0.487808339
0.487168371
0.47355318
0.551734612
0.537014876
0.505835076
0.463943488
0.534911642
0.497776407
0.57244399
0.493295043
0.421569066
0.508034974
0.494595971
0.456131844
0.521401513
0.52462878
0.468267098
0.535040907
0.511372445
0.476943037
0.465748143
0.483063647
0.485808629
0.522574265
0.475988171
0.488446492
0.501287221
0.453658106
0.490913126
0.471413196
0.44918777
0.476152845
0.482585415
0.542482069
0.533613466
0.476830624
0.486691047
0.483409342
0.495573256
0.508873122
0.520702657
0.492874344
0.473075461
0.495469039
0.459941547
0.482420386
0.514495232
0.483591615
0.53177405
0.509477311
0.4776074
0.448228855
0.453864443
0.521533736
0.498448533
0.507579531
0.457860429
0.494295701
0.505032393
0.523872845
0.489279578
0.509356808
0.440031502
0.492357267
0.446087054
0.505546307
0.506291182
0.467169258
0.506610312
0.492293877
0.47250948
0.508653401
0.486165022
0.486083971
0.468870915
0.541359892
0.504127321
0.48413636
0.49802307
0.478897237
0.469240738
0.433277844
0.492032371
0.466709481
0.459736878
0.477282317
0.456831049
0.461397948
0.464042234
0.489737799
0.471907932
0.457490256
0.484845325
0.505215606
0.486986622
0.450428451
0.461370966
0.466430339
0.460273645
0.513751418
0.51225221
0.411620751
0.441712417
0.454057599
0.46793362
0.512905017
0.463370798
0.521694642
0.653163491
0.450241265
0.444323792
0.476709442
0.484761932
0.429611256
0.482844529
0.487069612
0.462305053
0.503260502
0.502879113
0.488407705
0.460389991
0.496694795
0.509327171
0.508086319
0.480721441
0.490018417
0.512479351
0.486243341
0.600312308
0.471977482
0.44877572
0.478129462
0.49951065
0.519552217
0.516958857
0.500888887
0.478560705
0.487582104
0.51651861
0.449954746
0.488071048
0.479045443
0.47531319
0.467485805
0.527763309
0.500971802
0.4682693
0.483266481
0.490079296
0.484736285
0.489355931
0.549710639
0.49026605
0.499393809
0.470901829
0.47756071
0.458871353
0.469108497
0.483207446
0.501889239
0.516988876
0.463265511
0.487634774
0.476116641
0.516428636
0.440206588
0.469976669
0.507097318
0.530488822
0.470637887
0.448764257
0.489117439
0.495313488
0.469614774
0.542993874
0.502060244
0.428685086
0.475973638
0.500105948
0.484697044
0.485441875
0.52696707
0.458322068
0.465792334
0.489166155
0.48241629
0.514238814
0.454283914
0.489209963
0.47414373
0.497797606
0.474848177
0.432322824
0.441648293
0.466214274
0.533675512
0.453321419
0.47316242
0.472948734
0.463419502
0.459772925
0.511134989
0.467385261
0.483218215
0.477003108
0.525829775
0.486533035
0.506489158
0.476025594
0.51334419
0.470743801
0.463882108
0.503923704
0.521755475
0.484646859
0.484053042
0.454240839
0.48835032
0.47068394
0.535219435
0.485146389
0.472573257
0.46222947
0.512906423
0.492761242
0.490593805
0.503238291
0.493845707
0.481362682
0.465846329
0.504752079
0.446931666
0.519790506
0.48832076
0.532347243
0.484244215
0.434319374
0.481288527
0.503711996
0.468744069
0.465265882
0.547739772
0.537935014
0.457224048
0.462577958
0.48139272
0.515921189
0.48133134
0.482507055
0.529211644
0.535327981
0.48890234
0.46025234
0.524165628
0.501448756
0.453638132
0.457274257
0.524930332
0.50442773
0.506716027
0.520463682
0.490944273
0.493431334
0.466181927
0.530762021
0.471557166
0.463212716
0.456890599
0.464371364
0.529239509
0.503760812
0.510818433
0.488516969
0.51850248
0.476963543
0.421633781
0.468052948
0.472984313
0.442946463
0.49547251
0.504658117
0.452945596
0.502762028
0.523929528
0.474615062
0.47826507
0.486009128
0.491805136
0.522178821
0.493791282
0.526036934
0.495872248
0.488391499
0.498205004
0.548731701
0.490930316
0.51335458
0.51171019
0.45785682
0.540060014
0.508556017
0.521889769
0.48817407
0.515819001
0.494284996
0.472139539
0.480046575
0.451636974
0.471040681
0.50116197
0.500671974
0.514846249
0.479886803
0.483932166
0.466028212
0.507399493
0.474706809
0.536451418
0.512285194
0.469082679
0.511590929
0.458166324
0.445852729
0.483414196
0.477128655
0.508041388
0.485087741
0.509881231
0.484326796
0.526252744
0.487573671
0.5084691
0.52302817
0.5095461
0.471218064
0.480963308
0.476236733
0.474298205
0.498048075
0.474017091
0.493720622
0.48262894
0.514568386
0.470524625
0.505165535
0.453302462
0.508753644
0.484878499
0.529784121
0.503805255
0.455401761
0.473071673
0.469736894
0.463001848
0.50096932
0.468243609
0.502848072
0.524223631
0.480809783
0.482657183
0.510933421
0.471674962
0.508951124
0.487077801
0.480114679
0.468323731
0.497288219
0.554894528
0.478885246
0.492215637
0.475068485
0.440286624
0.520594867
0.489725738
0.483694863
0.501283043
0.493127822
0.480058546
0.561889937
0.483824757
0.490983797
0.459379274
0.496174406
0.501604709
0.501476465
0.502920062
0.467619067
0.514210589
0.517122476
0.511583411
0.471480967
0.52135033
0.491730412
0.500260812
0.491176754
0.52276562
0.478108815
0.479831599
0.487266018
0.514988356
0.492280303
0.497218062
0.497598266
0.475081169
0.489045926
0.468473502
0.492080011
0.5386071
0.500416238
0.467537888
0.481865459
0.492791717
0.46972269
0.467104246
0.535258466
0.503102317
0.462881253
0.446246896
0.472994927
0.530807274
0.50618047
0.455234316
0.480826656
0.524682028
0.557366571
0.460058657
0.482563955
0.466212035
0.497976688
0.484272868
0.516095322
0.535327081
0.476262606
0.496087116
0.508832131
0.506203385
0.47627851
0.487453469
0.54163784
0.487821325
0.466911161
0.470829035
0.484068941
0.489956472
0.494321038
0.473195642
0.50549372
0.473864143
0.464252838
0.465121235
0.512685512
0.468806313
0.458165083
0.447697093
0.444040699
0.467739569
0.479351708
0.456623455
0.473588602
0.471031148
0.622844738
0.452802945
0.442702568
0.614021088
0.486040358
0.442651328
0.487154142
0.452948791
0.451636038
0.445219314
0.622090387
0.480721987
0.531776519
0.498104726
0.487565855
0.481091321
0.455869786
0.447135599
0.471273005
0.447284198
0.491168912
0.455881903
0.475898074
0.466341737
0.615863005
0.475441401
0.497890548
0.486082012
0.483214895
0.504177538
0.488433662
0.492071514
0.455395597
0.480311291
0.426766875
0.477807004
0.487117374
0.512788517
0.490776706
0.514832777
0.479033698
0.508311817
0.479532189
0.452914155
0.509259015
0.491665324
0.467222274
0.481071116
0.458020998
0.444697304
0.491868387
0.441184889
0.488711703
0.505486471
0.476646522
0.471952368
0.488890795
0.453849591
0.465686813
0.496487668
0.474765899
0.476262795
0.495008061
0.479818785
0.523168539
0.499443552
0.468436474
0.447540269
0.504135461
0.524688697
0.481168713
0.477247463
0.451042709
0.474402774
0.504300183
0.503106617
0.510569708
0.461440876
0.484761753
0.464112351
0.527010889
0.49105438
0.482037688
0.483855517
0.469447483
0.462995989
0.487426506
0.50559138
0.487513367
0.470255482
0.483546411
0.450039396
0.475752146
0.502105413
0.501748844
0.491709369
0.507983694
0.493639357
0.524829878
0.480454589
0.475594656
0.513255183
0.469591743
0.469897054
0.505951329
0.485229422
0.457929578
0.457874893
0.496182159
0.48100542
0.44130738
0.460397685
0.496935022
0.489765926
0.460071321
0.488788495
0.54489304
0.481217284
0.483627625
0.485056537
0.500757617
0.457957925
0.469476371
0.486060532
0.483797784
0.504095387
0.492925638
0.481550019
0.517242548
0.520346352
0.466456911
0.471468903
0.450289448
0.467395462
0.492138875
0.486961269
0.475671802
0.475900396
0.486482201
0.513798032
0.487622834
0.456474965
0.510936928
0.543330473
0.470143161
0.472157453
0.510290136
0.495817429
0.470968155
0.480604212
0.446811042
0.453931587
0.45330401
0.477009351
0.502194748
0.496144835
0.449862894
0.485071917
0.507231742
0.436603337
0.497187592
0.478970177
0.470581513
0.515730147
0.482717783
0.486085234
0.476738436
0.489216964
0.461816799
0.458428656
0.508129054
0.495154418
0.493786075
0.473435455
0.471727344
0.482733914
0.499876948
0.442379376
0.493327487
0.488210059
0.504243987
0.48301298
0.491721731
0.520939212
0.452792578
0.481619725
0.457095375
0.475448452
0.510906492
0.505313466
0.523040876
0.514126387
0.48998463
0.478024553
0.455844155
0.485806714
0.461616363
0.458674946
0.505919806
0.47604035
0.501525272
0.499244426
0.516653319
0.48508241
0.50413405
0.484604388
0.459050228
0.463998706
0.477071995
0.484303048
0.48197117
0.462876477
0.476265358
0.508530633
0.491460981
0.482461612
0.491676792
0.482430397
0.494782964
0.507316354
0.499197114
0.478428086
0.518718054
0.53768822
0.505555902
0.509344665
0.501619706
0.490040326
0.497868958
0.478765443
0.516383745
0.428692862
0.486872636
0.50718388
0.495493568
0.486003789
0.47519093
0.515401077
0.470864143
0.453526559
0.496762317
0.454593598
0.461104507
0.503906471
0.471124457
0.505769301
0.489627911
0.512376274
0.525045663
0.503719362
0.497906234
0.468422908
0.485808519
0.505963287
0.514525953
0.501359818
0.463805857
0.482850393
0.483911542
0.468688443
0.488561706
0.486638107
0.437128207
0.489879052
0.510889329
0.48380864
0.508975939
0.436864796
0.471464798
0.490369127
0.510583718
0.489748168
0.482000497
0.494347585
0.482324185
0.518625014
0.474766364
0.467258585
0.463669907
0.490809929
0.488220973
0.473744523
0.532507263
0.489430086
0.460771259
0.508132008
0.447314773
0.459173876
0.464699167
0.460463861
0.519416498
0.486200914
0.482908688
0.482270303
0.506026718
0.494832438
0.47494087
0.516150256
0.449703608
0.516468934
0.509179332
0.454367002
0.494327187
0.45723495
0.473764264
0.535711717
0.4825584
0.521428686
0.50636917
0.53335083
0.469740741
0.487023795
0.481580844
0.496804667
0.481347738
0.464135339
0.513869164
0.474706054
0.435732658
0.439622893
0.534383853
0.463959798
0.523660438
0.47836202
0.484456619
0.444559435
0.509354025
0.513328227
0.500106353
0.456136548
0.476565189
0.490022688
0.47988054
0.506389873
0.562418806
0.502152088
0.519156304
0.532250483
0.489143139
0.44545741
0.478135218
0.432671322
0.46719822
0.43887479
0.508920906
0.487524082
0.443895395
0.473624401
0.485453961
0.473746058
0.49282232
0.464188437
0.502794577
0.60521255
0.502914759
0.501249402
0.439226948
0.489200135
0.442523328
0.48530497
0.461939114
0.509605208
0.497189758
0.492915797
0.556363215
0.479733291
0.491478059
0.543770782
0.48533233
0.481659556
0.470535455
0.496901663
0.527144777
0.496070488
0.481348136
0.448211424
0.504930575
0.505218598
0.436820932
0.497943183
0.510963133
0.481327644
0.506143965
0.530562477
0.562872295
0.423197366
0.456492316
0.428244496
0.463535077
0.448151269
0.52493648
0.484325853
0.478011956
0.501853064
0.550599611
0.495552994
0.502109833
0.509356528
0.48773758
0.453221622
0.464244982
0.475706064
0.492833864
0.425386106
0.5200771
0.505893157
0.42260886
0.438143811
0.463177751
0.479540303
0.508969942
0.474773579
0.480102961
0.556764055
0.513843506
0.467313373
0.496155914
0.44667717
0.507278172
0.482537043
0.539497755
0.492634652
0.539448419
0.502238356
0.486528067
0.504695921
0.477932231
0.496448206
0.500540456
0.456833856
0.486660422
0.46752557
0.505952686
0.455491696
0.465894844
0.477289419
0.467699993
0.506316013
0.479944472
0.501755285
0.506373044
0.463100257
0.484776114
0.49050995
0.485593411
0.467250504
0.49974893
0.449630841
0.467439043
0.519482074
0.507066357
0.477356105
0.444451091
0.458002597
0.47870233
0.524543882
0.469937311
0.529193252
0.513190468
0.471898679
0.471195561
0.450853486
0.451668792
0.525758338
0.484472045
0.504136273
0.479433556
0.466498974
0.440879836
0.453884085
0.706587317
0.454043033
0.438325754
0.45375738
0.496890953
0.457536399
0.478186326
0.446803448
0.483870002
0.442131156
0.479957325
0.469880025
0.466730964
0.459013121
0.49724877
0.486464528
0.487256943
0.549111549
0.496646012
0.449774799
0.436333745
0.451904449
0.485115103
0.509258187
0.497861848
0.46600168
0.431135992
0.465386602
0.442147766
0.448833532
0.540264162
0.512600295
0.526904618
0.493597751
0.481324194
0.441842403
0.528492023
0.493116264
0.515671825
0.467133453
0.45943484
0.528065563
0.513334963
0.430814073
0.441495263
0.557156702
0.459845931
0.47851715
0.475649158
0.509789466
0.4159372
0.464957175
0.471242759
0.49320603
0.456556785
0.479736489
0.469585248
0.444256613
0.445775134
0.489196282
0.488296086
0.460085071
0.523341663
0.480803399
0.438807148
0.457652816
0.505136732
0.495313652
0.486092683
0.479151403
0.466915757
0.489801659
0.484197269
0.467104754
0.501897489
0.490573471
0.489061009
0.501532802
0.539076389
0.474137178
0.444421853
0.466059158
0.478900589
0.472675857
0.497537214
0.532188363
0.479286964
0.498158316
0.472736714
0.496102923
0.478802539
0.480932946
0.475560465
0.491342013
0.552139225
0.469434809
0.507571994
0.490019723
0.477375033
0.500010879
0.491099705
0.462341952
0.469734326
0.435682638
0.458272427
0.517722204
0.500150948
0.500253857
0.502056463
0.51621585
0.435610438
0.475027412
0.447161205
0.508296521
0.481815209
0.533855396
0.470276379
0.506204083
0.469842622
0.463177143
0.499550508
0.500067212
0.51160785
0.489043101
0.505248016
0.458154
0.48181377
0.45540659
0.495065125
0.482497557
0.489894478
0.501820549
0.485175891
0.442659134
0.515662428
0.502481838
0.497195578
0.487559199
0.464877913
0.468336499
0.450003659
0.509065944
0.498998448
0.457879094
0.450047309
0.475189325
0.477410144
0.474709167
0.450768453
0.492330248
0.531788711
0.46404968
0.496672505
0.462832014
0.481877422
0.44723546
0.463342679
0.508967069
0.527262725
0.484265353
0.52027599
0.494479496
0.472292454
0.470913485
0.484901417
0.500798572
0.505730614
0.510669681
0.52633065
0.492184375
0.448490772
0.452579534
0.44487749
0.480472523
0.509066548
0.507352813
0.483770281
0.489484018
0.490448491
0.45922272
0.531090704
0.459937446
0.488464767
0.478622896
0.490937177
0.474164047
0.490417111
0.491664094
0.474707204
0.469043244
0.497913426
0.480316105
0.483519607
0.446674272
0.451883646
0.535168471
0.469254357
0.469945136
0.449056122
0.469799892
0.462165628
0.624655482
0.480191551
0.465930095
0.456096954
0.462106964
0.474132404
0.452608521
0.489410176
0.48271741
0.531684358
0.537177225
0.521432521
0.473636457
0.482925063
0.471195041
0.478650714
0.476140521
0.466277431
0.480976846
0.441856391
0.488509509
0.468888401
0.493109441
0.474751272
0.481501582
0.474486026
0.484059003
0.458177474
0.444476036
0.501749864
0.508459064
0.464570398
0.526428498
0.463218345
0.49676577
0.45030684
0.469580109
0.49283474
0.4904335
0.478853402
0.486270041
0.480065356
0.511035195
0.484825257
0.514196604
0.462872118
0.485207054
0.48153299
0.495308393
0.525213168
0.473348932
0.495331135
0.432494741
0.482583927
0.528256165
0.470931238
0.511440051
0.495176773
0.503391077
0.424126602
0.474700222
0.490466914
0.491633816
0.505229086
0.504479816
0.47571148
0.472054638
0.478730471
0.488367845
0.512381691
0.487805394
0.471471341
0.484148175
0.475381542
0.45096231
0.469502495
0.462146408
0.454026878
0.466051531
0.516674064
0.446129656
0.457055235
0.486179804
0.497075682
0.495365173
0.474800416
0.484082409
0.489905305
0.491868939
0.502101217
0.459605844
0.461932184
0.463614059
0.448792361
0.504553907
0.484120539
0.509526161
0.482842573
0.460799986
0.494646605
0.448990213
0.508251427
0.510283956
0.512493018
0.493700338
0.469139251
0.515697131
0.455107601
0.479779286
0.472507713
0.466218819
0.447876031
0.479130403
0.488351766
0.512033727
0.447488409
0.470340205
0.516087587
0.506264871
0.470904342
0.491762412
0.481994038
0.505529356
0.466421518
0.468798813
0.468599303
0.479886804
0.487870144
0.465857946
0.489214978
0.495961739
0.5117375
0.447173879
0.43826596
0.454818631
0.509550405
0.470502841
0.494301642
0.469717917
0.513045783
0.48609077
0.460791645
0.510428486
0.507681022
0.486699444
0.516065829
0.515791132
0.451813345
0.433585928
0.514185527
0.495592597
0.509823351
0.507545466
0.513080542
0.52586008
0.539800629
0.490737931
0.485244105
0.468691979
0.514122787
0.498354834
0.466782329
0.428667166
0.478303273
0.44526385
0.514850629
0.4761245
0.480975301
0.497372187
0.498891626
0.488346209
0.45609939
0.48280635
0.473811712
0.499243108
0.487477059
0.455247589
0.518159189
0.477484146
0.470068842
0.458185828
0.468971991
0.450062369
0.50355964
0.501034407
0.430471315
0.51050439
0.44561929
0.457118479
0.541849169
0.475677532
0.476999491
0.469886864
0.482085172
0.450775228
0.488830404
0.465891826
0.480476739
0.441433554
0.485423818
0.450401315
0.477094172
0.481871347
0.456866558
0.538220736
0.441505637
0.492184604
0.449764084
0.48171389
0.465681804
0.494345445
0.51340341
0.467112961
0.431687815
0.51266842
0.479505354
0.552953589
0.495799184
0.510898702
0.490753501
0.530673923
0.46337443
0.470950315
0.462973759
0.492226702
0.553323151
0.521155716
0.497499971
0.490949223
0.526769822
0.4768383
0.499189886
0.489983317
0.457097048
0.500295548
0.477975011
0.494524616
0.467238866
0.541631644
0.500012785
0.485502189
0.481270067
0.52239442
0.468371079
0.488159642
0.498801485
0.471165727
0.49683033
0.522589188
0.487726059
0.49349107
0.483124251
0.514827197
0.468830686
0.499602371
0.50485182
0.485070908
0.480518175
0.483645913
0.483083352
0.467998185
0.452971932
0.453654261
0.509541392
0.547788808
0.473494584
0.501478786
0.504749216
0.496675444
0.445958419
0.472859101
0.469695079
0.470554965
0.48752178
0.519806595
0.502514054
0.481509807
0.497422791
0.475049921
0.481329
0.500774879
0.470310481
0.537906883
0.482084539
0.478180395
0.478335494
0.480581822
0.50424895
0.517050515
0.528970951
0.46265419
0.457607033