0.509556749
0.514014871
0.506678972
0.495083192
0.499519807
0.476065042
0.47912444
0.468344155
0.453156744
0.449297414
0.463710856
0.465483409
0.483623625
0.4729753
0.468767795
0.487210028
0.443185141
0.497500743
0.504595168
0.530953396
0.510986481
0.486804445
0.496331642
0.534511583
0.495645483
0.49983589
0.499210815
0.463246137
0.501520614
0.472344096
0.45532674
0.509628024
0.463119566
0.472919801
0.529520788
0.502778027
0.487301817
0.454523469
0.507687732
0.459112273
0.501502385
0.612034407
0.489030044
0.477191577
0.498468117
0.508946364
0.453565222
0.506368212
0.497306227
0.50430319
0.533234758
0.467393958
0.478504391
0.464976519
0.45925659
0.514319826
0.501381947
0.469987047
0.462515151
0.505893965
0.460225682
0.527097989
0.495889275
0.456639925
0.485549374
0.526024548
0.453167453
0.440870902
0.452923735
0.50921312
0.478600565
0.473278806
0.503550851
0.455954269
0.471238671
0.498130252
0.454439693
0.518766157
0.483314122
0.451107546
0.473311428
0.486966088
0.514481288
0.492912359
0.49710579
0.495948064
0.52909671
0.491406359
0.533595045
0.480121875
0.484662811
0.433750514
0.52662325
0.514478097
0.477585089
0.48412799
0.505196202
0.485535477
0.478943884
0.484357348
0.529402977
0.500203976
0.480903468
0.507847184
0.500768562
0.478887949
0.49056073
0.471168033
0.533845311
0.532605062
0.511369703
0.48324068
0.467967953
0.515335507
0.480162748
0.468373731
0.583046252
0.494767017
0.480037104
0.440202749
0.480547327
0.509233568
0.49863887
0.515773746
0.469707786
0.466716242
0.468642578
0.485094717
0.45991561
0.499656525
0.490559704
0.510139415
0.486346204
0.552851879
0.55736395
0.513845534
0.502807803
0.473162085
0.509055199
0.50032684
0.515739906
0.478501265
0.509545431
0.479065924
0.453288794
0.48412914
0.534371337
0.505034727
0.490015363
0.477194924
0.472212203
0.542706228
0.473551632
0.476875147
0.549367051
0.507997939
0.513748176
0.448864948
0.48927446
0.489787329
0.442307483
0.511941566
0.50218295
0.460861686
0.454931052
0.505194028
0.51844128
0.460777257
0.462513198
0.547109194
0.487470112
0.469300263
0.476257922
0.458062915
0.449063302
0.479686917
0.474212256
0.494353691
0.478747968
0.456905656
0.459884751
0.467577668
0.531966177
0.462722928
0.497880656
0.517895811
0.443135707
0.459665858
0.469528188
0.489978872
0.474934676
0.485248514
0.457713072
0.477484757
0.450683856
0.46948622
0.494698308
0.478226948
0.456847956
0.479310501
0.511582746
0.477208619
0.456214861
0.444746025
0.470505347
0.475735379
0.494847484
0.508338398
0.501903609
0.543338987
0.474783287
0.450996159
0.471037461
0.481916152
0.500647336
0.550743071
0.454958745
0.485775217
0.486230979
0.482496966
0.463517112
0.507998488
0.536804837
0.542994727
0.465497325
0.520457615
0.435800581
0.478965992
0.496365763
0.501886587
0.519642053
0.548845457
0.493951392
0.492033921
0.491384967
0.463937262
0.506101785
0.481946846
0.466325535
0.512189375
0.474893884
0.475114745
0.522619075
0.476187348
0.503089046
0.516578268
0.487313772
0.456016425
0.426486713
0.450028299
0.490168906
0.491681213
0.495263643
0.43139944
0.492467431
0.4906004
0.435084891
0.50693466
0.466950986
0.492824694
0.507375147
0.450800052
0.511734884
0.451359161
0.478919697
0.521533785
0.471454988
0.495765441
0.459943638
0.50192886
0.463976236
0.505343037
0.490757093
0.451548845
0.47670804
0.474962592
0.507775075
0.457395401
0.466485853
0.496134002
0.49781489
0.483951841
0.525833364
0.475374855
0.475563737
0.459516768
0.471570784
0.53430604
0.462792117
0.49293566
0.487676118
0.467893276
0.457145299
0.447850385
0.477030636
0.500723519
0.450880604
0.524810126
0.487635587
0.507654897
0.471531612
0.543944326
0.489590623
0.465302053
0.512158691
0.505508441
0.51791471
0.448523591
0.503009138
0.473797763
0.454932031
0.473452591
0.509375245
0.461542494
0.477657642
0.508178626
0.453654041
0.521142396
0.520314172
0.469382407
0.484739512
0.498141258
0.501910447
0.489353605
0.511591057
0.47654006
0.510219208
0.495644254
0.478697373
0.507136855
0.493128241
0.490885326
0.483823843
0.461961262
0.567621212
0.472667092
0.48900718
0.482337769
0.494777769
0.488963562
0.473149733
0.448384287
0.486908486
0.509171132
0.496340187
0.466344796
0.45444422
0.507153554
0.457882767
0.457063515
0.51336477
0.46090962
0.464652656
0.454140141
0.488114328
0.497027906
0.495036774
0.525537785
0.477408579
0.500220574
0.477853632
0.491612705
0.528521493
0.433388522
0.44487213
0.510120383
0.46545344
0.473066361
0.479198434
0.493338655
0.474752502
0.506373233
0.505615961
0.445929577
0.458155349
0.47480517
0.445849588
0.511167535
0.528470869
0.512989205
0.472764637
0.490839591
0.486192773
0.536120379
0.471805735
0.524228105
0.477235963
0.523870252
0.526715164
0.501313088
0.489499403
0.468885441
0.492839422
0.488675653
0.510811011
0.561309114
0.506899655
0.467197569
0.476859699
0.475576462
0.463435136
0.490892042
0.507771649
0.482103381
0.493222234
0.489400378
0.488660353
0.445366301
0.514815642
0.478858889
0.494623478
0.481046303
0.480621056
0.495892727
0.505084523
0.522313981
0.523958908
0.51693215
0.491059016
0.488987681
0.479548951
0.473489605
0.472129581
0.491513364
0.496963612
0.539286411
0.484754469
0.468526148
0.48736066
0.486900252
0.446118509
0.50082475
0.475938078
0.508268859
0.480612578
0.459252409
0.510352463
0.522947463
0.408576312
0.484487023
0.516731375
0.481878038
0.436431448
0.460134104
0.48972167
0.460199569
0.469924458
0.501558048
0.483801342
0.470338322
0.475572334
0.446609412
0.489933336
0.448816911
0.457958757
0.536830802
0.494522609
0.463454335
0.48132004
0.447710925
0.519382967
0.492893381
0.475735163
0.466050111
0.47606902
0.458958089
0.492627885
0.474900318
0.457389571
0.462048658
0.492196444
0.507147539
0.44548269
0.460424389
0.470056419
0.480202127
0.486866218
0.551080368
0.469659067
0.443660594
0.45192587
0.501368369
0.480056973
0.487327614
0.485710331
0.555157223
0.490136701
0.459740099
0.437433165
0.477321954
0.540547405
0.486229996
0.448768175
0.524175344
0.51125319
0.472507309
0.507985959
0.464230577
0.491137104
0.474954465
0.512547838
0.476957006
0.462535043
0.479158768
0.48608104
0.49255496
0.508914946
0.532361565
0.459976257
0.463822499
0.464981964
0.490540093
0.459208965
0.457604343
0.463148287
0.539603368
0.496477056
0.465677202
0.47666018
0.450421499
0.493167819
0.503357881
0.544486969
0.470951428
0.452823034
0.501383638
0.507833497
0.465754789
0.494862337
0.534848929
0.478008617
0.500155918
0.444580807
0.476623441
0.455201487
0.440688572
0.503313756
0.497860159
0.438763705
0.47521303
0.518779401
0.472872495
0.50458813
0.514570774
0.446937136
0.517937854
0.52321736
0.508403015
0.477452451
0.503511181
0.494750301
0.511245859
0.493036683
0.501350566
0.513969854
0.511509675
0.514402629
0.476367226
0.468269655
0.526854456
0.503643877
0.480131379
0.491853911
0.440737426
0.454480849
0.473620468
0.512881513
0.505135648
0.432619557
0.4879328
0.511900176
0.442871122
0.477471508
0.698619549
0.487511533
0.490430655
0.491084211
0.516597356
0.49152151
0.455333785
0.484554326
0.491299836
0.482852431
0.492752876
0.501541797
0.492396049
0.511201528
0.502361397
0.452772542
0.472345893
0.50581316
0.434726367
0.483468478
0.463576582
0.467218269
0.494781473
0.511895709
0.482018897
0.460174015
0.460459123
0.482078861
0.485254479
0.490668606
0.485380395
0.537094243
0.509978477
0.463656443
0.481168087
0.449163014
0.509652566
0.537235909
0.461349614
0.456522529
0.485190821
0.469597805
0.491206033
0.441308175
0.491750407
0.483374274
0.505086699
0.479652738
0.469608246
0.478939059
0.506578354
0.476310219
0.501879052
0.505083043
0.552221854
0.564461939
0.475947931
0.462971788
0.456544123
0.478295424
0.509782135
0.545505198
0.470202109
0.476470967
0.480304506
0.46849456
0.46232617
0.481274678
0.52566911
0.523527523
0.494089133
0.477069399
0.44772372
0.554691162
0.51645146
0.474458189
0.515529746
0.534735738
0.497306665
0.453108286
0.483105783
0.500041479
0.445355892
0.474590953
0.51249037
0.468054964
0.477696648
0.444436873
0.546232516
0.462479734
0.451548273
0.49927646
0.506453425
0.487622053
0.435253092
0.468564265
0.498699993
0.468627398
0.499990367
0.508599787
0.462731342
0.440474185
0.502547453
0.479361415
0.489879779
0.457183678
0.452851964
0.490292736
0.486628398
0.510712717
0.492623406
0.499725418
0.468208655
0.481876077
0.544770844
0.523909927
0.540191593
0.52587329
0.498502498
0.515166964
0.456855855
0.504360229
0.494417472
0.456297028
0.506908229
0.492668628
0.512084017
0.482936464
0.531682795
0.453533487
0.478050801
0.489452381
0.456876012
0.493234568
0.483258838
0.476177238
0.478555806
0.568420177
0.493350937
0.443159877
0.471219089
0.459618281
0.479611524
0.510650803
0.499406832
0.452904202
0.501106307
0.452272217
0.473985693
0.484187235
0.485974984
0.43567825
0.497144809
0.509333717
0.493932624
0.50384544
0.503651294
0.475995725
0.4757109
0.474188827
0.673919164
0.522189821
0.45237342
0.477848267
0.508577699
0.466490213
0.49593175
0.507964177
0.475971499
0.457780843
0.464449521
0.448326011
0.492722447
0.480965951
0.459358829
0.487846248
0.49137201
0.48812971
0.480618788
0.489697902
0.532072642
0.478839226
0.440168843
0.489741217
0.482698108
0.711983402
0.473985795
0.534645028
0.471533944
0.473432244
0.543687633
0.469632065
0.498253818
0.511108565
0.536288809
0.476714083
0.493433112
0.514848162
0.477565198
0.48047912
0.501278294
0.506473565
0.485513118
0.471069128
0.4749114
0.468171566
0.522181364
0.47435297
0.498192942
0.491550795
0.492353008
0.490459356
0.527866935
0.545145171
0.465426824
0.503567381
0.470581841
0.460150234
0.472848985
0.45624736
0.485955061
0.509995463
0.479031785
0.527793619
0.496219692
0.465206133
0.481890424
0.473175255
0.462971316
0.445802081
0.479516468
0.464624544
0.458899582
0.479467323
0.539170344
0.453523936
0.464358879
0.462131662
0.498735216
0.533658077
0.470064252
0.4814797
0.514937051
0.501094483
0.442380435
0.471226114
0.482965694
0.481480148
0.462727152
0.490333063
0.476146289
0.478223286
0.47729411
0.453875928
0.49722013
0.428142956
0.453388454
0.477241422
0.451664838
0.481211286
0.496877963
0.460494539
0.486226842
0.494071626
0.532082414
0.497733325
0.478917241
0.467180173
0.50101878
0.469986478
0.484566652
0.523855905
0.46195637
0.481000178
0.473959264
0.480181372
0.498944355
0.48224233
0.516134723
0.514133105
0.559629107
0.508822568
0.466743371
0.472000505
0.526986927
0.459545324
0.454318838
0.518479391
0.477288019
0.46923508
0.461313757
0.475277669
0.473197418
0.468838706
0.519529009
0.479397382
0.48970281
0.520699609
0.486006901
0.574002784
0.486232065
0.487692002
0.510637045
0.521165319
0.515229872
0.528986022
0.473403458
0.50973019
0.47808823
0.480990934
0.454361603
0.502204595
0.483967594
0.454359631
0.537117561
0.423508717
0.474501157
0.509271619
0.533861057
0.505252806
0.464049498
0.525943407
0.478633383
0.469640932
0.458841568
0.516480479
0.499691366
0.467294703
0.475652393
0.488936525
0.495659201
0.511368907
0.600244002
0.496230032
0.460195776
0.507360991
0.481256995
0.498113554
0.54577272
0.504774972
0.466121329
0.491172576
0.461745113
0.491691527
0.506146487
0.535943282
0.514935332
0.482440736
0.482063305
0.470714289
0.474721872
0.45780118
0.501816801
0.503236862
0.493430975
0.481215133
0.518578242
0.492557186
0.550410271
0.490503965
0.511069587
0.50302062
0.525183091
0.491411768
0.495165996
0.459386059
0.51554821
0.504411492
0.510822571
0.474967082
0.518850406
0.485717853
0.449280226
0.47918003
0.492452129
0.490016441
0.447157796
0.484347192
0.51087939
0.44442119
0.543277108
0.480416959
0.514555999
0.502157619
0.538901181
0.472210714
0.487573303
0.496633925
0.41701856
0.520041421
0.502496797
0.478162718
0.49721762
0.546153408
0.490568953
0.516358845
0.535698126
0.514101801
0.488493805
0.49085065
0.485754271
0.494214067
0.480707189
0.491191111
0.502190482
0.466953613
0.496816528
0.467117337
0.503853544
0.476074577
0.477615107
0.48484832
0.478788722
0.46595326
0.501296569
0.502142507
0.714015305
0.488461202
0.46355273
0.52454636
0.493114335
0.490654583
0.507609108
0.490441096
0.495844161
0.502521402
0.505992299
0.504397238
0.486036021
0.523022621
0.488516019
0.528856769
0.486204966
0.431625196
0.500537288
0.471182319
0.453758086
0.505684705
0.458798307
0.496813078
0.447285883
0.444771725
0.500469586
0.479854693
0.491351795
0.476572346
0.494375677
0.472967161
0.455719725
0.535147591
0.467642105
0.500065249
0.4865742
0.470334428
0.49183343
0.516475866
0.507911639
0.489475486
0.511480789
0.529062308
0.519568057
0.482746294
0.471290964
0.479168141
0.499010731
0.507404761
0.508384261
0.49184579
0.519180481
0.477219159
0.473139782
0.476780226
0.501222435
0.501175442
0.478687423
0.487630031
0.452236804
0.465128448
0.479009227
0.473031496
0.455301142
0.492487513
0.557738635
0.488722673
0.458805745
0.47067153
0.435825635
0.485197957
0.473206796
0.506689352
0.475527585
0.469265574
0.461190589
0.52393119
0.524878877
0.472579132
0.492321941
0.516763874
0.501676614
0.433155486
0.456995685
0.466936221
0.436978328
0.509482528
0.511412194
0.453383671
0.463101706
0.503146397
0.473771615
0.47678551
0.513929959
0.50528071
0.487545111
0.543806103
0.504463012
0.515770454
0.466198759
0.470942882
0.502133993
0.51318738
0.487740696
0.479817541
0.456586288
0.446541709
0.497567954
0.463326236
0.536864968
0.495749644
0.454448022
0.438377825
0.45555926
0.494446455
0.519937912
0.490184122
0.491328608
0.48116021
0.541541433
0.470210394
0.506301002
0.481271722
0.48084102
0.481579898
0.524577426
0.506377716
0.459285199
0.442981182
0.44733752
0.482853417
0.517565218
0.488719779
0.445380766
0.456121918
0.472562286
0.493207166
0.478545172
0.440876358
0.490015202
0.494784809
0.503609175
0.45657906
0.452595553
0.483211832
0.484674618
0.486781201
0.533896651
0.463669129
0.468514273
0.509277398
0.4679882
0.540885453
0.457692901
0.489901517
0.487678112
0.488372096
0.489130914
0.480189165
0.532165721
0.488542205
0.460216993
0.525793457
0.466682025
0.497578896
0.508103873
0.480376925
0.502687898
0.507350385
0.473250857
0.497274167
0.462719283
0.520457001
0.497767273
0.540781001
0.495721518
0.49217029
0.504369781
0.504598677
0.509739541
0.475850473
0.470337052
0.48608144
0.481347019
0.478112461
0.500767611
0.462075001
0.509595059
0.430054336
0.485434657
0.494029074
0.4920165
0.470769741
0.513974204
0.496242008
0.476910053
0.7149603
0.464021955
0.492807485
0.490213371
0.500152861
0.447294528
0.461967112
0.487762177
0.557487871
0.458252096
0.523273775
0.485549359
0.503470524
0.514761224
0.468660262
0.511296783
0.484174697
0.460918784
0.463933816
0.459563411
0.475136017
0.454814092
0.448577992
0.457613887
0.505150645
0.505799378
0.533500578
0.493988419
0.461354206
0.439006679
0.433766152
0.476420431
0.525747012
0.468968891
0.514119211
0.492698835
0.444071776
0.439710868
0.450990384
0.511977143
0.540852052
0.515691058
0.542232229
0.482053936
0.454704996
0.467489006
0.532687133
0.52206277
0.562497472
0.50924367
0.495780033
0.45362292
0.531950708
0.500771529
0.499543459
0.462721064
0.448503267
0.535648672
0.528480604
0.475812674
0.495954204
0.517074647
0.494787237
0.496270845
0.522857343
0.495755908
0.474543602
0.461740593
0.459025202
0.497356264
0.489023224
0.467576933
0.496651319
0.47969623
0.462076368
0.517373627
0.515949234
0.432822083
0.469869461
0.507132345
0.520861243
0.434728492
0.473467134
0.492276428
0.438493155
0.486717283
0.494021909
0.470009945
0.447540147
0.459936342
0.439796738
0.532555172
0.507236767
0.485923378
0.493765159
0.490552832
0.44426535
0.457370527
0.474054588
0.511017529
0.521979385
0.510113169
0.486838913
0.488093914
0.511199435
0.449657001
0.484784051
0.483927787
0.560832282
0.500109212
0.458316404
0.490386381
0.452450471
0.497504254
0.494390256
0.497079226
0.469191491
0.474401785
0.50239267
0.559633785
0.510455358
0.471486552
0.489026814
0.474570326
0.493382551
0.4917156
0.544983484
0.457986549
0.487791168
0.483303394
0.507518692
0.50895166
0.486010926
0.487087348
0.442865434
0.486839457
0.548122013
0.477105071
0.492978508
0.51641398
0.508100102
0.43656046
0.444935995
0.48386664
0.514950066
0.464155972
0.495683871
0.457985431
0.510246102
0.486862567
0.461355796
0.540849302
0.472080002
0.494600334
0.507539701
0.466743338
0.479913783
0.475384319
0.500182761
0.46466287
0.467215785
0.470705887
0.457503154
0.517330033
0.455326084
0.515125872
0.430711887
0.474804367
0.526309619
0.501999806
0.446453107
0.44718941
0.43752749
0.473826126
0.484251267
0.524184445
0.48742588
0.491632744
0.454433378
0.444062902
0.508804512
0.453295514
0.45781055
0.469366152
0.517502537
0.484700266
0.44419122
0.503074312
0.456422503
0.53759179
0.500933136
0.527382641
0.486880438
0.472059111
0.486909718
0.494066919
0.482379354
0.491359732
0.511804645
0.512671171
0.494370004
0.497030735
0.472137993
0.495222596
0.481332171
0.477014593
0.471623211
0.487309408
0.463116371
0.457919153
0.479875899
0.478826345
0.471669408
0.497818182
0.528701596
0.463397065
0.471005317
0.473506688
0.489789087
0.493093377
0.494146584
0.468558853
0.479490969
0.490567612
0.485469155
0.448680674
0.480483402
0.493136366
0.480953258
0.482209795
0.519823391
0.483155459
0.528610698
0.480623061
0.474124045
0.547415398
0.496282661
0.492629949
0.494262192
0.478941304
0.522353495
0.466755436
0.553141481
0.523337209
0.475841081
0.52845527
0.456614586
0.519898683
0.462332419
0.496559927
0.485713148
0.507969255
0.466460123
0.450341143