0.83627355
0.79773173
0.84709879
0.85165988
0.65667785
0.59694514
0.60793892
0.66566731
0.60885321
0.66435019
0.6919795
0.69391298
0.65856496
0.6747008
0.67912727
0.68722361
0.71424441
0.74406118
0.70079527
0.70793926
0.74510571
0.65779827
0.65029183
0.64453058
0.66954426
0.68106207
0.67029482
0.64172724
0.60694252
0.61575104
0.60158101
0.55363724
0.5541507
0.54675789
0.54753468
0.54884238
0.55206801
0.56880808
0.56977749
0.55750134
0.55053291
0.64597356
0.71297468
0.7244351
0.64675332
0.70322182
0.64745648
0.66038775
0.66201863
0.67145544
0.68790452
0.62337223
0.66694486
0.60060777
0.61489127
0.62667707
0.62148822
0.63825239
0.65489497
0.66595976
0.67676788
0.68207631
0.66406007
0.60014203
0.61735283
0.66103181
0.62918595
0.5818499
0.60554848
0.56526427
0.5750757
0.55493118
0.62296997
0.62035915
0.60824732
0.60659316
0.62791328
0.61646666
0.56623147
0.54963736
0.56893735
0.64207496
0.65288329
0.64030445
0.64595323
0.64600015
0.63004713
0.6247414
0.667628
0.64930516
0.69377707
0.75689399
0.67737647
0.68200608
0.73915098
0.65632194
0.64029905
0.70408762
0.61416834
0.73102163
0.714899
0.50893102
0.50099952
0.49367451
0.49042909
0.49265311
0.49231583
0.49939095
0.48191215
0.50362883
0.5077685
0.51257621
0.48997666
0.48989406
0.66782896
0.62857036
0.66640422
0.70249227
0.59080026
0.64199431
0.70785769
0.61102934
0.55826422
0.61513127
0.58388482
0.62653245
0.646629
0.62324671
0.61330487
0.62620536
0.54748564
0.56371359
0.54800932
0.5531061
0.53942563
0.67793925
0.66598018
0.6759041
0.68689185
0.68092684
0.65348233
0.63085833
0.57658073
0.59785528
0.57680577
0.58256726
0.58001945
0.60170434
0.58087738
0.57734159
0.76816919
0.69330198
0.70085312
0.70016822
0.66182832
0.69308601
0.63462468
0.64172414
0.6412445
0.64506763
0.66987436
0.67982983
0.68078413
0.66362573
0.45911839
0.49207516
0.51673233
0.50308087
0.49675129
0.47156966
0.49460005
0.54567686
0.56850678
0.61620824
0.57772782
0.60100497
0.53911006
0.60736983
0.58206914
0.60256325
0.59081037
0.59941771
0.60516475
0.60870974
0.60171033
0.60102809
0.60747032
0.69998743
0.71635645
0.74649433
0.69414446
0.66013103
0.64482436
0.64296807
0.67543777
0.60979404
0.61068941
0.6749654
0.68074897
0.65459913
0.67413237
0.66008215
0.65170644
0.56481633
0.58806533
0.56121154
0.57248341
0.59177023
0.5610931
0.67419903
0.64271675
0.66383847
0.66335375
0.64239412
0.64900656
0.62912856
0.64573996
0.76431472
0.74936236
0.73626976
0.66950538
0.68122666
0.7450491
0.64106693
0.64124936
0.62926846
0.62340752
0.62926569
0.63323639
0.6239825
0.63232793
0.612524
0.6060151
0.66193786
0.65358197
0.64808018
0.62838393
0.62742145
0.54746569
0.52736413
0.54418214
0.52723943
0.51118583
0.50213573
0.52075692
0.54478974
0.55345204
0.58389921
0.55378429
0.58641247
0.59545464
0.59368916
0.59657251
0.57945625
0.68002467
0.68498505
0.65574268
0.67947388
0.70135177
0.65470056
0.6435857
0.6641599
0.47143589
0.53286742
0.48787284
0.48190435
0.50215212
0.50340161
0.50081805
0.49382103
0.56466123
0.56584071
0.55540418
0.53813039
0.56059892
0.55799232
0.54922765
0.63845447
0.66939999
0.65665836
0.61461033
0.51993171
0.50907678
0.50094934
0.49166337
0.50496476
0.515179
0.51509451
0.51679965
0.70026864
0.67032498
0.69763012
0.6783906
0.67757994
0.66718325
0.65973156
0.63256185
0.63313047
0.68429761
0.65869916
0.66031796
0.69753519
0.63719847
0.69025295
0.68941177
0.68927311
0.61522909
0.64855092
0.65635025
0.66538559
0.69369482
0.66017851
0.67875432
0.69197053
0.62922338
0.64440024
0.62963737
0.63769723
0.57869787
0.575587
0.59807179
0.63675698
0.55470531
0.5589232
0.56392917
0.56402024
0.55567031
0.56506542
0.54739379
0.53353214
0.7770918
0.79485095
0.66586586
0.67881407
0.70091536
0.79207415
0.67243265
0.6627557
0.75973177
0.77346809
0.7036054
0.70647478
0.70740325
0.61871243
0.6466814
0.68771929
0.62942633
0.69493544
0.55560613
0.57031813
0.57541315
0.57030301
0.56587349
0.56656051
0.77300469
0.72566285
0.76545097
0.71923363
0.77105194
0.70141372
0.67218607
0.77048303
0.70286352
0.6978377
0.66664434
0.65753099
0.50220719
0.48331177
0.50665129
0.49222311
0.49088279
0.48952436
0.48144942
0.49002934
0.7736706
0.77677231
0.76690467
0.72650424
0.64797103
0.63784431
0.65052847
0.64374174
0.65737639
0.63948949
0.65654961
0.63750806
0.64278432
0.70522526
0.72242845
0.70422656
0.70581114
0.71192345
0.69084359
0.68388961
0.72076415
0.72509449
0.71717618
0.7164518
0.68512767
0.68076722
0.7093375
0.70892066
0.71331334
0.69807758
0.70220063
0.68331459
0.47071636
0.48180285
0.46421162
0.47182981
0.45656105
0.48061321
0.45797463
0.4918311
0.6765735
0.67361441
0.68802907
0.71319296
0.71416767
0.7513923
0.70979284
0.68059202
0.76865772
0.75002847
0.66297423
0.78648752
0.68247494
0.69030718
0.66979106
0.68247264
0.65473622
0.65064838
0.65767264
0.67647818
0.7213137
0.66726924
0.65407786
0.68043643
0.6521172
0.68024624
0.67362648
0.6319884
0.64969278
0.72188394
0.68772317
0.70803386
0.67244411
0.75974665
0.69734219
0.74070223
0.70284322
0.75155372
0.68926149
0.69815166
0.67536299
0.68729405
0.67675207
0.68775588
0.70654206
0.69089959
0.58626151
0.64000561
0.59949711
0.57537761
0.61221233
0.5905441
0.69920709
0.6890282
0.6362082
0.64851787
0.67935868
0.67903062
0.64742214
0.53312929
0.55880977
0.5494659
0.56664199
0.56880915
0.55652642
0.56429707
0.5392932
0.63865022
0.64144798
0.61458674
0.60235925
0.62610734
0.63444793
0.65344779
0.6593189
0.67311207
0.70171643
0.77115548
0.70348234
0.69267488
0.75605214
0.74563421
0.6052566
0.58939091
0.57895093
0.57726885
0.5776453
0.57772601
0.58245169
0.52591274
0.52841948
0.53975557
0.53369605
0.74919892
0.76906325
0.7183438
0.75410381
0.77249249
0.66510536
0.68178643
0.72226341
0.7661827
0.59809157
0.61145207
0.70993138
0.74031461
0.64382252
0.7085774
0.70303702
0.65834611
0.63501474
0.6811804
0.52841422
0.53421282
0.50679844
0.52563569
0.52672305
0.51832346
0.52615955
0.51778742
0.60508517
0.66370695
0.65176533
0.6286776
0.58491411
0.5579322
0.5929491
0.63207538
0.56904839
0.64573811
0.59747095
0.60230586
0.71766841
0.7412892
0.64351024
0.67514604
0.66346649
0.65758682
0.57319714
0.56522394
0.58215569
0.61386921
0.60986571
0.61791879
0.62275331
0.64582746
0.61931062
0.58040553
0.66659829
0.63897394
0.67590005
0.68269158
0.63065352
0.64377378
0.60406152
0.64258566
0.71845394
0.68652848
0.67958863
0.69641819
0.69259123
0.55479897
0.53644377
0.52295371
0.5408382
0.7712604
0.7614119
0.75818327
0.75776988
0.71276985
0.74292632
0.58913782
0.61648637
0.60158383
0.56725526
0.56790121
0.611792
0.59242835
0.58035152
0.61898805
0.58156074
0.58904614
0.60115348
0.60364526
0.64889869
0.62522176
0.62419389
0.60459927
0.57564331
0.59733343
0.59289403
0.63262233
0.59598402
0.56711155
0.5456102
0.68839506
0.47665506
0.70459688
0.65189921
0.67083265
0.63037422