0.489049478
0.494174123
0.451477021
0.51692653
0.538454447
0.516608823
0.467388428
0.495470676
0.500836019
0.469783892
0.5045854
0.558057761
0.520186842
0.471103337
0.457572411
0.456114292
0.508189779
0.521789869
0.50129998
0.475630502
0.45617408
0.469813284
0.437875281
0.495743769
0.509459736
0.48951083
0.479752573
0.470054929
0.487820514
0.493206164
0.500679778
0.505364934
0.472347925
0.50463746
0.503431738
0.486761512
0.480484591
0.490644803
0.473749547
0.464860267
0.482118819
0.551629767
0.509109906
0.488068224
0.484164397
0.498631147
0.48048823
0.497034634
0.518430262
0.490771889
0.559067183
0.479514007
0.483492698
0.474632217
0.485699961
0.511950574
0.518432064
0.480577551
0.49465134
0.511519753
0.471934378
0.460928406
0.554956176
0.498870848
0.538312698
0.468673336
0.504231693
0.4443399
0.500806227
0.502205326
0.49835304
0.490837261
0.444729349
0.50772218
0.463735909
0.463399883
0.471622889
0.507233416
0.520368901
0.517244796
0.515513236
0.502117296
0.465315679
0.491522969
0.475336068
0.481227191
0.494908947
0.493301864
0.482745403
0.459861993
0.452078771
0.455091798
0.532685092
0.471441199
0.522743284
0.486945677
0.454503012
0.450556635
0.502399903
0.544193399
0.493401229
0.464684272
0.466912226
0.466616738
0.487869972
0.47459139
0.522362236
0.551493658
0.509789739
0.501205122
0.454466707
0.477381506
0.460296231
0.47557458
0.482803327
0.51862311
0.461184241
0.472180142
0.506292031
0.473471572
0.496897484
0.433182545
0.465347088
0.506769017
0.528226701
0.501394226
0.51827359
0.496823934
0.514959418
0.482110364
0.451839531
0.492112201
0.472496763
0.49144716
0.496341922
0.446040397
0.477780846
0.495997759
0.483139827
0.522880384
0.525285728
0.507458666
0.458130481
0.485798262
0.49402355
0.481166958
0.512746031
0.505692451
0.534975644
0.544106743
0.495689699
0.439127647
0.500113525
0.488197951
0.489434914
0.428857945
0.48074886
0.468121604
0.498674597
0.475056657
0.463831703
0.516475284
0.490236481
0.487292772
0.45207795
0.499596457
0.501077166
0.514526938
0.50888249
0.488407406
0.524932868
0.448100267
0.499245332
0.502818914
0.475873508
0.49799959
0.510320774
0.464079278
0.519242244
0.486718415
0.458706991
0.473791268
0.516927162
0.463956775
0.495522712
0.504903874
0.504422676
0.486261327
0.517487581
0.462377861
0.489827193
0.479731761
0.4917039
0.511830659
0.463860834
0.472032019
0.488604674
0.516975789
0.535148258
0.510798156
0.49426813
0.509619051
0.45938305
0.516201517
0.506734949
0.444676658
0.476676839
0.492012725
0.472764516
0.466247253
0.482137711
0.478600009
0.492511287
0.496326095
0.569083876
0.456300275
0.469668743
0.474331706
0.50715398
0.487488524
0.464198001
0.457828302
0.473600206
0.458011997
0.465908935
0.46212345
0.493143191
0.509166021
0.464781421
0.501595373
0.514083134
0.453944688
0.466670806
0.485086915
0.441521632
0.508339113
0.500598277
0.508297897
0.483367429
0.477610008
0.481363745
0.480221394
0.495507901
0.463819688
0.521644694
0.547426701
0.507544555
0.473990169
0.502200682
0.470257102
0.474330653
0.470847969
0.495086918
0.453628727
0.458079183
0.503026295
0.490945648
0.443522405
0.517989416
0.495285799
0.474201093
0.475509097
0.511898896
0.535816185
0.48296215
0.525864734
0.511474737
0.522629356
0.459007673
0.449629549
0.477036899
0.490286011
0.531676706
0.443796275
0.508861379
0.506074672
0.465651815
0.477966377
0.475980078
0.445609658
0.466668404
0.490683131
0.509943729
0.440523424
0.474023114
0.457703778
0.497149426
0.521508949
0.495609991
0.503616783
0.52878747
0.547284094
0.428007767
0.48426126
0.446580151
0.474806294
0.4436908
0.506283826
0.49846964
0.492473037
0.477915927
0.435471355
0.498002334
0.474868351
0.509479992
0.499938243
0.554924131
0.47370809
0.481787539
0.509740249
0.449797492
0.511505462
0.479540858
0.474888812
0.483515493
0.452877387
0.478616964
0.526479983
0.477785551
0.491660433
0.514541149
0.454626882
0.449155944
0.466805922
0.48767159
0.470218283
0.498201744
0.53024295
0.506955925
0.458765685
0.479167518
0.488193716
0.531618441
0.441577303
0.464640719
0.499860161
0.480265187
0.478162529
0.483370994
0.470936462
0.486678179
0.444264458
0.479620924
0.480685794
0.510840879
0.661742291
0.493569662
0.42836744
0.533792662
0.471052366
0.466725811
0.458100521
0.647487434
0.491421288
0.502519811
0.498219931
0.48767133
0.463842778
0.481969344
0.463292091
0.493881715
0.504781279
0.519796741
0.513720538
0.506606842
0.511035862
0.455777915
0.516526867
0.454019511
0.476322395
0.498644408
0.49254017
0.515739953
0.457879647
0.500280208
0.481401655
0.47104475
0.473167593
0.471207715
0.452722536
0.483921903
0.465390331
0.489802542
0.474934297
0.494220671
0.464460734
0.491688311
0.768122017
0.455720086
0.451960541
0.476245303
0.438081544
0.522011846
0.455502239
0.482303181
0.502877865
0.635635655
0.473438786
0.486655147
0.468132457
0.479745811
0.505989398
0.486849714
0.4916634
0.482190642
0.494544713
0.524075305
0.441774867
0.498617631
0.508109643
0.530193609
0.502221815
0.480209312
0.495084217
0.492084322
0.471346516
0.502887413
0.485197138
0.489592894
0.445727106
0.443578633
0.512906029
0.537435132
0.476484638
0.452805139
0.555869292
0.502061424
0.450137104
0.469169351
0.473697968
0.456035895
0.458698969
0.525721016
0.508763053
0.506466925
0.469562304
0.468088627
0.484641166
0.512589353
0.488531929
0.477270708
0.532182067
0.459136716
0.497332864
0.477346155
0.480281707
0.500638532
0.447826306
0.440502083
0.488308164
0.477555045
0.474679802
0.515697997
0.492869438
0.491241363
0.524658776
0.489495924
0.465936511
0.454557139
0.488470729
0.480936913
0.482313172
0.466928455
0.473975087
0.480970068
0.474330917
0.501521267
0.527252797
0.508940907
0.51777351
0.464183101
0.494748608
0.479633351
0.489038528
0.506143131
0.45252682
0.467718982
0.472498935
0.476990891
0.489914365
0.484134325
0.491873945
0.499319213
0.53636666
0.552584816
0.506530374
0.492682556
0.455799228
0.529909425
0.492658836
0.49262638
0.51793526
0.471605197
0.48299441
0.477729984
0.496124636
0.512975185
0.493493055
0.507618693
0.474808159
0.49530192
0.452128703
0.466742505
0.512857149
0.49502022
0.502910169
0.481794377
0.478256562
0.470926956
0.449646414
0.465501489
0.47621721
0.493503773
0.479238297
0.490664194
0.551041707
0.490114015
0.463641847
0.511991213
0.472199454
0.539797074
0.465832234
0.480809886
0.492285773
0.52836284
0.496775765
0.510516504
0.491520024
0.492349286
0.474816685
0.47917327
0.454394189
0.481027975
0.508515641
0.488684127
0.471962147
0.607935472
0.53852936
0.473341781
0.464577227
0.495887395
0.478193233
0.505983527
0.474283616
0.501761886
0.496940067
0.472368448
0.519588146
0.48693753
0.508244038
0.545611058
0.478049274
0.541911598
0.447250019
0.47665782
0.468930077
0.504738226
0.500052357
0.471939709
0.45206713
0.507268953
0.473999881
0.48215694
0.47806646
0.501065246
0.510688983
0.44747277
0.493797698
0.523118888
0.526162945
0.495656797
0.462008268
0.465369269
0.520271568
0.504822423
0.44863133
0.458240781
0.490065995
0.459721992
0.476133615
0.476117461
0.524752598
0.520683005
0.466693337
0.46817815
0.496536349
0.461232834
0.472540466
0.511649262
0.478183663
0.480286636
0.454570754
0.486729055
0.507435094
0.498573157
0.499593334
0.514031137
0.562019693
0.500949223
0.514324445
0.468729115
0.512095265
0.537198324
0.468606686
0.502188607
0.518595898
0.529915003
0.463133956
0.520416241
0.484961741
0.465642502
0.514616355
0.475911717
0.473750638
0.508636701
0.480943169
0.46942743
0.504445668
0.463280373
0.494283824
0.507232291
0.504628857
0.486335506
0.486913574
0.447891774
0.483943528
0.455448207
0.514526119
0.451481844
0.513791011
0.485663493
0.483851022
0.480578629
0.673479015
0.531134304
0.472081031
0.475285372
0.464429968
0.502089912
0.454147744
0.464022356
0.475143077
0.481831408
0.451117606
0.490059012
0.495022206
0.468563066
0.513599968
0.467057302
0.481660379
0.504149786
0.491464377
0.49318809
0.484940828
0.467842255
0.470982705
0.509348951
0.504870764
0.458528234
0.477246994
0.527955264
0.521305411
0.465660259
0.483162577
0.499849829
0.520105807
0.481069734
0.495494331
0.491076711
0.489288296
0.478292961
0.540522999
0.50990116
0.477424906
0.501857262
0.497983401
0.473747435
0.468688712
0.503908382
0.500508017
0.505726232
0.466641839
0.504545853
0.495495717
0.497299253
0.624226024
0.518334188
0.482998485
0.467779125
0.508152601
0.466998934
0.49958445
0.530967501
0.479488111
0.492337008
0.51803378
0.490163277
0.449021662
0.454274341
0.451848027
0.480906225
0.502579221
0.530289979
0.460042434
0.50821646
0.440675138
0.46013149
0.511325636
0.503119756
0.508652694
0.456870112
0.508139071
0.475280705
0.519111166
0.502813539
0.47455013
0.44139372
0.525093943
0.691285473
0.494319117
0.500169055
0.509369706
0.509109243
0.477004944
0.50338891
0.573845621
0.504834176
0.503527267
0.465371387
0.515026707
0.481631422
0.464740626
0.500534468
0.4755102
0.504117719
0.446825665
0.468309262
0.486962695
0.498778991
0.496786678
0.436925438
0.472754243
0.457634557
0.681870066
0.452812087
0.458406263
0.468536447
0.464662925
0.484157371
0.450753007
0.471921663
0.460421647
0.463818457
0.470937851
0.532857289
0.491295603
0.49336989
0.472898077
0.458010998
0.543268411
0.536880739
0.509855886
0.524168788
0.488640224
0.484028205
0.472186403
0.486506847
0.512495507
0.484138266
0.51573442
0.457472898
0.45938958
0.470891
0.522989575
0.444729594
0.549132395
0.45452119
0.492778147
0.475637983
0.48613473
0.489513286
0.499797816
0.502436318
0.47916857
0.515940104
0.574358136
0.494055852
0.487351452
0.443471375
0.486636077
0.503232724
0.538081595
0.472693035
0.487094766
0.5116947
0.476377014
0.543862288
0.510045033
0.490755041
0.525359913
0.530057157
0.466766189
0.486028383
0.49534615
0.496473378
0.514007338
0.480898244
0.466416868
0.529669747
0.478453759
0.498205108
0.513282881
0.459165326
0.499925177
0.481947731
0.538547149
0.500494677
0.478226492
0.484206764
0.490285695
0.505046729
0.536364817
0.539793516
0.484301884
0.460947153
0.456091514
0.523859627
0.504321736
0.513274429
0.517903578
0.473191728
0.465744362
0.435406444
0.459782522
0.467080315
0.497583573
0.483576086
0.468900837
0.451960051
0.450500411
0.491765026
0.531747067
0.478981776
0.522833695
0.49937649
0.551916515
0.478168547
0.481062831
0.488008071
0.500688972
0.49088061
0.535383174
0.478480679
0.481804742
0.464934478
0.511803441
0.453726307
0.480999572
0.46858248
0.493828492
0.504811538
0.557059217
0.499655653
0.471696367
0.493869233
0.519989168
0.457050424
0.473202719
0.496550711
0.495201766
0.490992691
0.538543044
0.513472698
0.487178395
0.497501455
0.440569357
0.511077832
0.479099786
0.48752773
0.517795598
0.49455561
0.448063862
0.503133661
0.500319583
0.663907525
0.481680863
0.551655566
0.463790517
0.495049197
0.506433038
0.530100934
0.510860997
0.476159269
0.496278628
0.470537722
0.482175598
0.510557295
0.494331728
0.512195443
0.445169684
0.486761787
0.505557133
0.498810685
0.481119486
0.468421557
0.518987721
0.503687296
0.463010132
0.507730453
0.46430281
0.487347048
0.464058765
0.473239496
0.487154839
0.512598015
0.494916486
0.429006955
0.521207816
0.488526176
0.47072997
0.455457871
0.482667299
0.469206941
0.514241556
0.505495116
0.489233562
0.476739949
0.488690565
0.510617206
0.500927049
0.471631319
0.511555506
0.544001825
0.454968296
0.47079258
0.492062731
0.509405472
0.463695794
0.487311754
0.508757409
0.511822834
0.472731
0.485164604
0.46634975
0.483474998
0.489213481
0.460723986
0.510486584
0.442043724
0.500596693
0.528473578
0.521969466
0.497663726
0.467686638
0.524870742
0.454298717
0.491706241
0.464820899
0.48367147
0.462116002
0.459705689
0.497911819
0.455823547
0.520133344
0.545332455
0.53959681
0.503028151
0.474773951
0.516164937
0.485433181
0.470377036
0.487375379
0.551592604
0.474059058
0.457140392
0.491958848
0.557750352
0.496513237
0.444594017
0.493059503
0.493499151
0.486769677
0.487795896
0.486923461
0.456277611
0.474704754
0.521460118
0.529213696
0.484899897
0.458290142
0.52934266
0.508620207
0.502779889
0.496794748
0.499685787
0.4744345
0.449325823
0.528065467
0.49254388
0.519130588
0.506298868
0.536829803
0.5423014
0.531951443
0.509760637
0.552220548
0.483337574
0.473936797
0.52221702
0.462237082
0.479707944
0.491947769
0.526171624
0.47205388
0.510680147
0.484073396
0.502342835
0.495273987
0.471847958
0.469504196
0.497843189
0.507147083
0.488900301
0.458419516
0.470871139
0.460257432
0.479634903
0.515311797
0.486542997
0.523327043
0.504038645
0.478364383
0.489013564
0.479419301
0.510321503
0.488953887
0.495545717
0.555380533
0.511954622
0.441851427
0.475186487
0.489317156
0.496649317
0.47727439
0.483498679
0.476118587
0.481735726
0.486828707
0.471317299
0.472258891
0.496097533
0.711076605
0.478229318
0.494715537
0.507720397
0.498785166
0.491850389
0.481039167
0.478028613
0.480994414
0.486231369
0.492461657
0.447154202
0.503006806
0.488390742
0.491874822
0.452947424
0.484423682
0.494533353
0.48623266
0.570867087
0.485402048
0.509095889
0.464772721
0.470340844
0.465527891
0.500270543
0.486472431
0.524272524
0.504136107
0.495748603
0.462712867
0.523021632
0.482899022
0.490776608
0.50851896
0.518457518
0.480490614
0.495383815
0.519315893
0.480216423
0.501020234
0.496236369
0.460180213
0.466272045
0.493798073
0.525886013
0.491027111
0.521895871
0.548250885
0.50247368
0.464278386
0.485444334
0.491342217
0.464891812
0.426700451
0.494790553
0.488100492
0.417783935
0.46828954
0.483368726
0.472357853
0.551271948
0.480070001
0.485905949
0.485674566
0.512697321
0.495666886
0.473253845
0.493977018
0.46129428
0.525739404
0.541259911
0.455221008
0.484215124
0.503520556
0.455293572
0.508160399
0.473688132
0.518511809
0.51166307
0.555889668
0.464956506
0.481336564
0.445366919
0.472304722
0.47471073
0.507545091
0.437943692
0.490262985
0.502876989
0.473960911
0.523855196
0.467500412
0.512826779
0.464932797
0.502181502
0.506573496
0.512058443
0.563110837
0.499427883
0.475011471
0.504441482
0.482684497
0.476418101
0.507386585
0.48477801
0.506767291
0.46905657
0.527677172
0.478862374
0.501052612
0.498186715
0.497899421
0.538765367
0.477733569
0.496020219
0.466111547
0.512656609
0.485385073
0.463360894
0.473849295
0.519893488
0.469778588
0.478515397
0.460999335
0.483337978
0.46778196
0.506908693
0.449748476
0.487389739
0.47091153
0.503223517
0.502572578
0.488870704
0.489571081
0.471687374
0.498394207
0.50762494
0.495058853
0.518927038
0.557737174
0.48050423
0.524609481
0.469663576
0.468587432
0.503514512
0.492686188
0.491881494
0.473007777
0.500610974
0.475552492
0.51823601
0.47635519
0.481677804
0.499532821
0.508070592
0.498193937
0.467552907
0.518893991
0.521689165
0.537920073
0.509577381
0.51948217
0.491291771
0.505091623
0.506493447
0.491726002
0.50144596
0.50812946
0.494923533
0.49645022
0.499226413
0.462845293
0.488566961
0.4436033
0.478169934
0.478236554
0.490174942
0.505394204
0.483906924
0.50243209
0.457121725
0.477622942
0.462649841
0.537021916
0.494371203
0.495028267
0.477256975
0.505283534
0.477775688
0.498747287
0.515519847
0.494069057
0.485491748
0.480458434
0.485017287
0.520411166
0.474331507
0.532174907
0.518399588
0.465892699
0.487306089
0.504169738
0.498132459
0.506957182
0.461209525
0.491518838
0.479806028
0.472884507
0.459936102
0.549542662
0.503273746
0.455839428
0.529409699
0.506150377
0.488411635
0.453468661
0.478192314
0.500628926
0.476090413
0.497751154
0.469038915
0.48624969
0.46201549
0.469931948
0.493028011
0.528251942
0.455710866
0.511429215
0.476983913
0.477313539
0.454477473
0.490207922
0.525582079
0.517194844
0.505471964
0.498450322
0.45826749
0.482411597
0.495531028
0.510398049
0.494013888
0.515790523
0.495150132
0.498933335
0.502818849
0.482511729
0.477532281
0.489986738
0.52669864
0.459590015
0.523256423
0.499004845
0.483352164
0.45599263
0.526971408
0.461660943
0.498217013
0.523724174
0.460061086
0.455274438
0.461131691
0.533651706
0.497030045
0.483427911
0.474664277
0.470898473
0.445160713
0.464877171
0.462303491
0.436150363
0.536621975
0.474555714
0.471088864
0.481135154
0.53354817
0.468023117
0.475963882
0.48105709
0.44606632
0.497037633
0.525827254
0.520211582
0.508164498
0.4884218
0.425197917
0.526245469
0.454889019
0.498447013
0.519777169
0.472769235
0.477610149
0.481659189
0.495336612
0.472789553
0.478459298
0.471408932
0.478885573
0.497008775
0.476116456
0.438283349
0.48735555
0.563650571
0.5225314
0.487434565
0.488667153
0.458774324
0.53984731
0.465507761
0.526116446
0.449542617
0.418845181
0.503911845
0.475217017
0.502765148
0.45384418
0.474571065
0.453756876
0.510746615
0.487327228
0.488176936
0.47796136
0.436403349
0.52095593
0.456438578
0.502719898
0.493973523
0.428333297
0.479357879
0.432991063
0.476759797
0.770319481
0.45057388
0.440406625
0.468878014
0.479206199
0.461717408
0.482097894
0.477722969
0.466677676
0.454586843
0.477133728
0.485730316
0.480214548
0.464722931
0.480711225
0.507793137
0.480942048
0.585514548
0.479521392
0.457150677
0.451984833
0.473547043
0.496444422
0.44269771
0.498344775
0.4750262
0.454245225
0.47285363
0.506356928
0.44839588
0.519382033
0.488647777
0.518428143
0.49267706
0.498307211
0.470373097
0.472111146
0.468910734
0.461098191
0.512336628
0.470129504
0.458556153
0.452309835
0.504334176
0.48570114
0.524373218
0.453565983
0.498011807
0.45896316
0.51037204
0.472926025
0.498154371
0.510092861
0.478649435
0.485995958
0.460027031
0.462921814
0.486024306
0.501695869
0.480428757
0.48541755
0.480852212
0.499952106
0.515395415
0.474576355
0.490297424
0.494896244
0.49413118
0.4627655
0.474674122
0.46594846
0.467161577
0.502677115