0.53774083
0.59468788
0.5765473
0.56724979
0.56497489
0.68988946
0.66897905
0.76713302
0.77200456
0.70606003
0.71553448
0.71199973
0.80905147
0.81233721
0.68820399
0.69952367
0.74395548
0.81900896
0.67895483
0.77869938
0.68341198
0.68036617
0.6962284
0.68123269
0.69694045
0.77312927
0.69034824
0.72483621
0.70955131
0.70495799
0.76025896
0.76559421
0.72546792
0.71350882
0.77510371
0.70081636
0.63872697
0.67458297
0.66227614
0.6435652
0.62781317
0.6285511
0.66527008
0.64173184
0.77028873
0.66108812
0.6894046
0.69547636
0.73638585
0.76144686
0.79406516
0.69931012
0.54140969
0.53186176
0.54407474
0.55300591
0.73799795
0.71895059
0.69960799
0.79197842
0.71833614
0.78657887
0.77075917
0.70492184
0.59002915
0.66790384
0.72287156
0.71459001
0.61558143
0.66266521
0.69977579
0.63253972
0.52768399
0.52934467
0.51253804
0.52133332
0.51675712
0.53333676
0.51365987
0.5150385
0.62950192
0.69271283
0.72159917
0.72953795
0.70809394
0.7221172
0.72430714
0.52645492
0.52512009
0.53686488
0.54204377
0.52422061
0.7840049
0.77402468
0.76054652
0.76556234
0.74833922
0.7449126
0.71511091
0.73133588
0.68420834
0.64189561
0.62197101
0.65034729
0.72871462
0.67998902
0.72929241
0.53264554
0.52804349
0.54375987
0.53274781
0.62701302
0.64071288
0.63864757
0.67533261
0.6671198
0.66680076
0.65640843
0.6822137
0.67462351
0.66130893
0.70272822
0.66438128
0.69231341
0.69297325
0.6636188
0.71207556
0.64747728
0.62332362
0.60986245
0.62639817
0.61964308
0.62413666
0.51134918
0.50803637
0.51716741
0.51073529
0.49083977
0.51309689
0.51831378
0.50194112
0.7398642
0.68237245
0.7361442
0.74874483
0.68766551
0.66088927
0.63778306
0.6264439
0.83728752
0.81272221
0.69449846
0.80729063
0.73585566
0.71569255
0.61579893
0.59099215
0.62615101
0.63168064
0.64840091
0.64045495
0.68378464
0.625401
0.66467221
0.71396522
0.71506523
0.70855611
0.72655287
0.78559377
0.62742964
0.68974732
0.75150773
0.70124318
0.62125236
0.71862078
0.67196672
0.64885965
0.69678685
0.73357567
0.60929214
0.60544436
0.57749635
0.59104942
0.61495143
0.56005033
0.59946918
0.58014823
0.57879711
0.59361829
0.5792593
0.57002493
0.55751748
0.58202393
0.49402639
0.49312198
0.49738031
0.49604962
0.70746882
0.67983017
0.68942187
0.69666623
0.72752401
0.54333715
0.51868849
0.55617683
0.53693258
0.54376612
0.55362508
0.5395934
0.52784877
0.65099545
0.63229595
0.6253291
0.6252453
0.6779537
0.65138855
0.63635958
0.6043179
0.8114037
0.78228397
0.7592646
0.75876291
0.72726944
0.7458375
0.63265838
0.60889417
0.64160685
0.6028796
0.64029205
0.64385001
0.58273958
0.58463984
0.72719934
0.48080237
0.73726387
0.70249648
0.68159644
0.67607699
0.75166681
0.72094111
0.69016442
0.76803279
0.69431836
0.69188812
0.63716922
0.69731642
0.59919816
0.56257955
0.58042847
0.563577
0.58932663
0.735
0.72519742
0.74893251
0.69675434
0.76938286
0.631426
0.74877741
0.6414883
0.76947191
0.72065623
0.67026228
0.69115054
0.61628074
0.60340149
0.59776323
0.65253454
0.64125278
0.61793236
0.66348129
0.6285282
0.66606453
0.65056837
0.60295497
0.60509893
0.64905982
0.65903971
0.59917538
0.77453196
0.72347076
0.71848191
0.77846639
0.7197699
0.75311378
0.66013812
0.64876021
0.65287629
0.66155538
0.6762703
0.6327565
0.6482852
0.59686089
0.60242657
0.65248606
0.61050741
0.62789134
0.65979771
0.52164503
0.49579869
0.48616279
0.4972618
0.77921033
0.73800154
0.7767422
0.72415246
0.70170759
0.7724999
0.79357267
0.7269167
0.78209934
0.75999216
0.78043981
0.704191
0.76817209
0.76036067
0.7052662
0.66617458
0.69004972
0.68248953
0.73610339
0.63274191
0.63807971
0.46471353
0.46609151
0.46640221
0.47303935
0.66602949
0.70845303
0.70623127
0.74048529
0.73570025
0.72592918
0.73577271
0.78082791
0.6088657
0.57982194
0.60078694
0.58893575
0.61321104
0.63570854
0.6189257
0.60885483
0.60572471
0.64303409
0.73650398
0.62451618
0.68768387
0.67316221
0.75584769
0.76966162
0.75610427
0.67108633
0.64546064
0.67376601
0.67874393
0.64678148
0.66996439
0.68492668
0.52974503
0.51781064
0.53156019
0.55580114
0.53263483
0.51476568
0.54190184
0.74477659
0.71663889
0.69930871
0.69314687
0.66209017
0.69688311
0.69941824
0.68865202
0.59634082
0.62782318
0.63063569
0.63594126
0.68539108
0.64976203
0.65144212
0.67928767
0.51485116
0.52052667
0.50211357
0.51726826
0.53645476
0.73827043
0.71234305
0.76193644
0.76369212
0.68387053
0.72580276
0.81001837
0.68536006
0.61515568
0.64251925
0.60761463
0.63067998
0.67960654
0.6552189
0.6623463
0.65914065
0.79345046
0.72099954
0.72936368
0.72232744
0.68821288
0.72145772
0.7026729
0.75686328
0.66130551
0.70946164
0.71177776
0.76238104
0.75836578
0.70997199
0.59259182
0.61289265
0.59360297
0.62091218
0.5920981
0.58664749
0.58478932
0.44886733
0.47385566
0.4476858
0.47700435
0.63213374
0.60712679
0.62171272
0.63155526
0.59268332
0.83557917
0.78748603
0.82390678
0.83808913
0.48870104
0.47743829
0.4753704
0.47170574
0.50110018
0.49130488
0.48349618
0.49342732
0.47929289
0.50484844
0.49014365
0.52050017
0.48138291
0.50773881
0.63960519
0.61469797
0.59942972
0.66963411
0.65574268
0.63721095
0.58360717
0.56631979
0.56846918
0.57079509
0.674175
0.6624519
0.6839872
0.67909255
0.68140643
0.52567381
0.52719974
0.52651417
0.50708429
0.63980629
0.64526507
0.65835151
0.75181602
0.65607145
0.67217165
0.70763149
0.68191111
0.68597238
0.69825293
0.67120471
0.70453753
0.71035197
0.68926361
0.70196192
0.70232233
0.69844448
0.78966557
0.63574523
0.68844178
0.64606879
0.52743449
0.52709038
0.51996297
0.52724216
0.69825459
0.71863065
0.68868115
0.71724381
0.69317408
0.6802168
0.73647412
0.61188353
0.65433356
0.62878913
0.64755913
0.66936622
0.65322569
0.66808252
0.64416306
0.70488022
0.71258382
0.66756367
0.67274714
0.69592204
0.77968488
0.77289198
0.71833157
0.68783227
0.75525139
0.75823011
0.7354371
0.7885547
0.79313884
0.76716982
0.78689057
0.69011488
0.71450907
0.67496177
0.67816492
0.69839563
0.65335934
0.65503285
0.68002411
0.72596409
0.7781169
0.71902586
0.69452997
0.56033173
0.55561959
0.55539518
0.53788735
0.55366819
0.55409919
0.54998023
0.56126041
0.54940737
0.53464764
0.55036282
0.5538903
0.52213401
0.56317577
0.55140065
0.6957713
0.70279026
0.72753113
0.6817976
0.7140326
0.6978753
0.71353633
0.70425961
0.5222017
0.51931201
0.50956647
0.50512127
0.49869849
0.51143437
0.50526107
0.52164862
0.58928598
0.54647415
0.57871207
0.52633177
0.52737123
0.51331953
0.51705269
0.51218038
0.51470856
0.52161472
0.51133411
0.71959831
0.77318279
0.6810611
0.72491978
0.68873929
0.66113703
0.5462708
0.53417789
0.52993915
0.54465052
0.62104948
0.62758658
0.61506531
0.60608451
0.71310417
0.68455975
0.78857457
0.77765607
0.68838182
0.70445762
0.7108358
0.77890274
0.54473785
0.56583058
0.57350205
0.53084278
0.54558159
0.5536959