0.446918242
0.474056602
0.533260054
0.473068196
0.494076923
0.492046959
0.498483128
0.454066395
0.458834731
0.470829222
0.506585016
0.475971853
0.494605243
0.511004994
0.490138751
0.500018056
0.485491332
0.486617567
0.512482344
0.504065681
0.52478972
0.52004347
0.468185042
0.495467635
0.486452654
0.506999259
0.519622231
0.520902288
0.464892599
0.473168241
0.481330547
0.540409584
0.510881766
0.502449363
0.523387887
0.527732389
0.494097286
0.481854263
0.496262897
0.495161624
0.50211494
0.494847125
0.468588777
0.505762487
0.472848052
0.485018574
0.51621563
0.514341175
0.472068302
0.501376345
0.469405504
0.510912207
0.479800789
0.512718031
0.507479497
0.456786577
0.470786417
0.478021379
0.494062588
0.672025304
0.486719527
0.446067209
0.536996419
0.481625165
0.483156433
0.480046111
0.561339109
0.492255968
0.494972279
0.532694714
0.49974568
0.481283958
0.486255179
0.48321122
0.50789704
0.464692123
0.506947241
0.500903858
0.484706967
0.453924318
0.473892484
0.493572813
0.480342917
0.562021729
0.504216649
0.518699649
0.466346858
0.555889273
0.518156777
0.522618045
0.426864245
0.459973491
0.566848969
0.466696905
0.473005868
0.485979962
0.503748535
0.445291534
0.496922578
0.487605841
0.498694517
0.489976021
0.536960585
0.483407771
0.51410131
0.474103814
0.423742474
0.532039253
0.495845384
0.484318918
0.47697274
0.519036958
0.462259227
0.513032137
0.482410242
0.50250101
0.486794749
0.550737049
0.544965572
0.462131137
0.475345508
0.441314538
0.470141773
0.485967335
0.493869814
0.573113084
0.511693059
0.447591816
0.488496224
0.466400824
0.485051248
0.494267611
0.502222133
0.476666364
0.476093474
0.48051848
0.489776495
0.506585811
0.506094697
0.49345338
0.47596802
0.465454249
0.477168382
0.466216756
0.50651878
0.522307043
0.533187645
0.551737174
0.556592236
0.512165851
0.436956651
0.472343268
0.474135737
0.488808716
0.514708524
0.475452974
0.487674117
0.445025365
0.50319571
0.520531037
0.510435218
0.473416543
0.508780924
0.584426879
0.504963552
0.472021305
0.496481109
0.477603014
0.495482597
0.543725699
0.4995856
0.499012186
0.453649261
0.478004948
0.467571068
0.495864749
0.517243708
0.457727028
0.468870317
0.4902037
0.476448172
0.504778516
0.549551861
0.45899394
0.467965596
0.510968789
0.521472122
0.474525948
0.509506723
0.488357583
0.523213994
0.480856459
0.490025353
0.473573646
0.47448088
0.461788133
0.510624179
0.483660059
0.463852761
0.533218756
0.524164829
0.492713036
0.470081117
0.474566379
0.47595162
0.469163145
0.463324602
0.496469299
0.499690092
0.513512834
0.471638565
0.478216928
0.499212998
0.511133972
0.464511491
0.46620594
0.503496642
0.495797741
0.506229488
0.484335431
0.483320554
0.429245526
0.502047299
0.778596328
0.5132535
0.508789806
0.505389568
0.480691309
0.439209602
0.535250227
0.501934693
0.507171648
0.494698118
0.486789272
0.525271951
0.502940923
0.511927381
0.509175515
0.490505068
0.456547997
0.496827596
0.510985323
0.496429356
0.459386426
0.495661875
0.499579794
0.473077763
0.496330531
0.456393153
0.473320077
0.491621103
0.508591241
0.531885211
0.456721295
0.487206124
0.51827783
0.465896035
0.481363612
0.478569345
0.505126951
0.498965858
0.466290151
0.503695509
0.468299148
0.465733974
0.510685828
0.487436335
0.537047277
0.489224167
0.481554902
0.483526897
0.472998563
0.550377344
0.450790106
0.479683326
0.556456184
0.496319033
0.469292948
0.498654364
0.497159902
0.489334923
0.444726035
0.503738084
0.481336351
0.569371332
0.497556395
0.497209581
0.455261158
0.531558108
0.496608552
0.50858451
0.483144785
0.4912937
0.632263467
0.449734436
0.467959956
0.52349539
0.478222524
0.537635997
0.46169215
0.482970463
0.49460083
0.535983813
0.466278498
0.443494199
0.494373187
0.496735736
0.469733867
0.498734505
0.494591771
0.470546344
0.486229936
0.529248266
0.484116134
0.483105551
0.471993483
0.442072724
0.514669942
0.487855506
0.515375035
0.530854762
0.492857677
0.490803174
0.490956521
0.4805228
0.522480711
0.450548455
0.503442363
0.517015822
0.55450747
0.503523546
0.49810784
0.483528473
0.508021528
0.487902512
0.539197733
0.500345053
0.493207324
0.438916741
0.475315132
0.475871517
0.50526376
0.492749315
0.492274197
0.486011182
0.447214692
0.524422701
0.54425189
0.437621496
0.496819306
0.505940221
0.501430905
0.441486138
0.474594075
0.531227691
0.485651312
0.446425572
0.497100263
0.533575218
0.525404151
0.475790199
0.557574769
0.492331425
0.505652297
0.523699026
0.485039025
0.470659577
0.477104954
0.525857079
0.523109418
0.470609215
0.494439454
0.476658977
0.521394723
0.479731862
0.50844411
0.492241341
0.497506185
0.488892448
0.450461932
0.528266903
0.525209656
0.489324346
0.470613984
0.502698662
0.476454909
0.474310068
0.498553622
0.469376553
0.473884486
0.515539982
0.542215883
0.455943994
0.537563048
0.507928132
0.51009959
0.490573325
0.514744237
0.509107071
0.492390786
0.497750714
0.520622141
0.464366032
0.444628115
0.455319367
0.476371297
0.447839069
0.503886808
0.506369273
0.504202472
0.493778391
0.495207277
0.475658223
0.485275562
0.468419463
0.472569644
0.509763616
0.486833955
0.46882438
0.494007572
0.504928595
0.433515617
0.534858137
0.467970199
0.508108546
0.481866841
0.490225991
0.503503192
0.495054505
0.477750104
0.459166711
0.498448672
0.485630752
0.50994663
0.51111261
0.487488982
0.489998787
0.50448362
0.461672615
0.462330945
0.510521291
0.494968369
0.481108513
0.490111173
0.478093211
0.461182464
0.480098708
0.531991134
0.487415675
0.485171367
0.482136514
0.446975239
0.476060911
0.562631025
0.529872773
0.519277214
0.505728571
0.463197205
0.549497508
0.473133693
0.567802938
0.460415878
0.457345872
0.50309082
0.524054727
0.491074841
0.51611493
0.468009911
0.511349287
0.518905815
0.515487022
0.540194017
0.444433468
0.464577713
0.472756
0.467364193
0.501552393
0.456208064
0.460714302
0.472888975
0.45807165
0.472684568
0.467868579
0.468217687
0.64753032
0.501173704
0.49246462
0.442178471
0.46852551
0.481583134
0.48506726
0.503736718
0.474444765
0.515277119
0.52584685
0.445874166
0.460735098
0.81063365
0.465973934
0.457804837
0.48617018
0.494620176
0.459886792
0.490445947
0.481037933
0.471051505
0.456897171
0.495652135
0.487114252
0.51664816
0.487659202
0.511495629
0.508692821
0.509816819
0.500963555
0.495198688
0.500232573
0.457617663
0.463818516
0.519015612
0.456948351
0.502714733
0.49029948
0.474873173
0.520167516
0.504029044
0.510591129
0.504839315
0.475288929
0.512680416
0.535934639
0.498319571
0.490441703
0.502643167
0.523151936
0.491388492
0.484421951
0.470999168
0.457161893
0.502279816
0.519554353
0.496519345
0.473317221
0.522520983
0.453751338
0.473403335
0.485706436
0.504786118
0.475825818
0.522047828
0.514932411
0.521055264
0.485121035
0.487778878
0.494760891
0.522695437
0.493711563
0.468136447
0.467829113
0.480055364
0.474018617
0.471975222
0.554015028
0.48626526
0.524725727
0.50157802
0.501091793
0.484393548
0.500471969
0.46587803
0.525184235
0.724840978
0.453997828
0.489408718
0.501621132
0.500698898
0.475732429
0.507896496
0.474660803
0.5193151
0.464976616
0.526569317
0.483111506
0.464567347
0.463231557
0.485508662
0.463678534
0.504874039
0.47177936
0.511373383
0.556542968
0.486842516
0.490606307
0.472402037
0.485830881
0.454994532
0.47446747
0.477004538
0.510676465
0.530131083
0.516436385
0.459146328
0.550217967
0.456432655
0.460464181
0.518381432
0.513822998
0.51518705
0.501783611
0.488342633
0.470560142
0.479414109
0.4826962
0.463798932
0.486562791
0.482873822
0.452769692
0.532653976
0.488252203
0.479931097
0.533139287
0.470482631
0.485632334
0.506174831
0.474234033
0.459748906
0.485057977
0.513895542
0.479220311
0.504793438
0.467681202
0.529419765
0.473878935
0.538407928
0.55544851
0.519058449
0.489061899
0.473160771
0.498472215
0.45922315
0.471541699
0.533880451
0.483459995
0.491864396
0.476025671
0.501106813
0.446278307
0.514789888
0.514072618
0.502894979
0.500011105
0.514960811
0.46936395
0.514543051
0.510125713
0.491836591
0.488067549
0.499895264
0.464783723
0.482298684
0.495854856
0.473593492
0.553437558
0.460688339
0.486412925
0.482713732
0.489131198
0.490185612
0.476070716
0.523110842
0.49319374
0.483108215
0.511793005
0.4591697
0.50360695
0.461482626
0.506384463
0.451650836
0.479285676
0.493110656
0.495652581
0.523102862
0.440430548
0.501230875
0.50166228
0.516728456
0.487720453
0.486750802
0.500336338
0.489229615
0.486732851
0.532600958
0.481843284
0.510790451
0.458089161
0.511120939
0.49242318
0.489276877
0.528396678
0.473137364
0.491393954
0.46843634
0.51448569
0.49951621
0.437575674
0.451743674
0.488290742
0.498448483
0.479134298
0.516306109
0.496142907
0.501039876
0.466221975
0.508371913
0.541054124
0.480470976
0.53389695
0.517800997
0.493229427
0.49551881
0.484936468
0.478941127
0.458895624
0.502170338
0.514283642
0.488246745
0.48111165
0.462176413
0.535865818
0.470290908
0.462077998
0.577645853
0.491330881
0.467610231
0.471531652
0.505168469
0.468243429
0.54166012
0.51844083
0.504991911
0.480827312
0.51383418
0.51375988
0.487380124
0.46376642
0.454313514
0.457407716
0.490221108
0.4924862
0.525763637
0.475252558
0.480493062
0.49040533
0.461419868
0.465753867
0.537752075
0.475813177
0.477489369
0.47234926
0.478723621
0.504088018
0.522414462
0.522296821
0.450830612
0.511873378
0.47371373
0.517679174
0.498154043
0.457448973
0.512771119
0.535890739
0.457220263
0.494364045
0.474459986
0.472970109
0.508171575
0.52148444
0.515947801
0.462503014
0.439037754
0.467304142
0.475245265
0.491885308
0.483621028
0.556172089
0.515629294
0.492580974
0.469045773
0.499338136
0.483895986
0.524464627
0.448866456
0.474942417
0.490416149
0.510803271
0.482779179
0.474049691
0.49151036
0.504390899
0.524493612
0.495136017
0.536979686
0.480283766
0.50172085
0.523402911
0.49063887
0.483778936
0.498272886
0.474989234
0.44626973
0.461424329
0.476955617
0.536250241
0.485699483
0.507146533
0.467250295
0.51361177
0.467212011
0.523331518
0.489769067
0.463232969
0.47733359
0.502843668
0.509483563
0.50435681
0.461894539
0.492915345
0.489864932
0.504084748
0.449737045
0.50451613
0.507354819
0.47189383
0.513876454
0.48553784
0.490862876
0.453010804
0.52301892
0.487168368
0.50574308
0.447710815
0.466559653
0.504423256
0.504226642
0.459090404
0.465382872
0.498722839
0.461925396
0.514129142
0.508702814
0.525115415
0.506324875
0.499163302
0.539230281
0.526658857
0.460567369
0.494834232
0.517150394
0.453252958
0.521610402
0.509620422
0.502234449
0.439352032
0.463549235
0.499692105
0.479699568
0.514468015
0.490351742
0.466246792
0.466131171
0.457090947
0.426634958
0.523289601
0.494204859
0.502734729
0.485017215
0.513881166
0.471209195
0.542717864
0.511529222
0.498037031
0.496188967
0.552802864
0.465826165
0.476678573
0.466611822
0.43833246
0.519026628
0.461464982
0.506764761
0.540502102
0.433645923
0.464936546
0.462942306
0.51472161
0.460626469
0.492080029
0.538652823
0.522729975
0.50110776
0.494539001
0.506288013
0.485920369
0.454203108
0.509147453
0.531873691
0.468485963
0.48711483
0.435435903
0.518032184
0.487943977
0.502981401
0.454228854
0.474147098
0.453198227
0.506998375
0.461755849
0.460790572
0.480106162
0.489148537
0.53566547
0.539957158
0.497013476
0.487142936
0.494231502
0.455571319
0.526744488
0.472179892
0.477897601
0.490674229
0.515675595
0.459773548
0.490884712
0.449608098
0.47472937
0.509339788
0.615989741
0.495531824
0.488131362
0.523571417
0.461826264
0.51793589
0.46164691
0.497854071
0.453996041
0.460477501
0.470213285
0.47137696
0.471687994
0.446413436
0.490782756
0.475188843
0.481841631
0.488791017
0.478431438
0.464354521
0.496678957
0.792423442
0.491048942
0.477413971
0.513690783
0.495097807
0.497283674
0.479505011
0.514270586
0.489017608
0.490888578
0.524510187
0.462538996
0.527669448
0.474166397
0.463595536
0.538209205
0.438281635
0.51135025
0.576762996
0.458294043
0.462497615
0.466884868
0.479004477
0.5102474
0.45116557
0.59497519
0.488404733
0.503781417
0.488716992
0.474078019
0.489979452
0.487238447
0.488239795
0.524388296
0.465087077
0.471780376
0.521161591
0.538446377
0.480031817
0.524418811
0.473198887
0.478660255
0.484943698
0.453237034
0.498070207
0.473489454
0.42056264
0.466165735
0.491600784
0.504952089
0.518699797
0.463155688
0.487606977
0.506310485
0.458059084
0.490718507
0.462966117
0.464889914
0.467156879
0.491273994
0.555311426
0.455806129
0.496574061
0.437742186
0.474268886
0.489894019
0.520684753
0.489648637
0.476409082
0.500215887
0.435980757
0.48303651
0.526413843
0.495257062
0.493359956
0.47113477
0.505155934
0.504571036
0.482852868
0.493612477
0.437524855
0.514300924
0.527870663
0.51033868
0.480896815
0.488821262
0.499586932
0.477007553
0.488288093
0.553606421
0.516614637
0.46692775
0.443514702
0.471083359
0.485945905
0.49688803
0.481092336
0.492681601
0.511069158
0.478399504
0.453647453
0.467693374
0.437997325
0.502595878
0.490840246
0.532501146
0.482355431
0.516510056
0.471695564
0.51667455
0.489831676
0.483205863
0.476817453
0.509690436
0.504614922
0.451578802
0.47291788
0.475053076
0.479016897
0.487933726
0.503989044
0.498299393
0.461368927
0.482532814
0.475683569
0.493995675
0.48759685
0.535323476
0.467612841
0.513529635
0.469588086
0.483016995
0.50445945
0.498703882
0.498723906
0.461087046
0.48804719
0.476514526
0.516482688
0.508858603
0.491942083
0.464865538
0.536787846
0.469893988
0.4820849
0.503775806
0.455361948
0.479584893
0.498836594
0.491569419
0.475833809
0.499336747
0.473735606
0.482735254
0.441525021
0.489081149
0.512207889
0.520424023
0.526495471
0.4859837
0.481689074
0.521886024
0.47422181
0.492366473
0.511626689
0.453517295
0.479668728
0.492628964
0.511481996
0.523221846
0.473892284
0.486952523
0.514910326
0.464772055
0.484735111
0.482032955
0.469069102
0.455953802
0.483882044
0.47975086
0.499862122
0.47865169
0.488315662
0.513027483
0.473129017
0.479208777
0.510593389
0.489499543
0.533933551
0.47482255
0.491622443
0.474928413
0.461383244
0.507180811
0.483286654
0.482834293
0.476376247
0.490112738
0.476757505
0.462418422
0.501740143
0.497916685
0.476582724
0.472758196
0.490519121
0.489065927
0.498894429
0.482341444
0.492037865
0.537268913
0.503948695
0.492517974
0.429190688
0.47752608
0.4912228
0.497288442
0.518788783
0.514732195
0.511255308
0.453643271
0.468703671
0.451232155
0.466301836
0.515238058
0.526356154
0.544745521
0.467054688
0.531930573
0.457140948
0.519869941
0.523873276
0.436257642
0.499567628
0.513197578
0.481905066
0.45043126
0.457408929
0.477210172
0.481119091
0.489865138
0.552723205
0.457257201
0.466594063
0.479658469
0.482553547
0.456891519
0.516510111
0.537647326
0.512723188
0.479163338
0.491893539
0.478399857
0.471872883
0.482326978
0.505217605
0.498710258
0.470576374
0.470860329
0.475857535
0.478515633
0.452208124
0.486777906
0.479961142
0.522785772
0.499469329
0.505392751
0.490408622
0.444631505
0.492675975
0.499992503
0.570331906
0.508631207
0.532286921
0.564771572
0.467576806
0.510080696
0.455637017
0.465302252
0.479785845
0.543558302
0.516379965
0.468595047
0.507261675
0.486824167
0.445285135
0.526096517
0.474166955
0.508089961
0.500028676
0.477918459
0.457927126
0.461878489
0.50651186
0.524356723
0.511195721
0.480431908
0.46879768
0.457166779
0.482291865
0.524745638
0.515707243
0.493857353
0.512333312
0.515411104
0.472814025
0.503471522
0.684431038
0.528577544
0.460932238
0.459757011
0.498647036
0.496828716
0.467318713
0.502208348
0.470294402
0.477112344
0.44803904
0.466202503
0.500896341
0.486724837
0.470301936
0.537184026
0.490294323
0.501056693
0.49762373
0.524953123
0.474083762
0.465645343
0.717600599
0.470539745
0.446988949
0.503398873
0.491395197
0.514237192
0.514921182
0.462163238
0.44836134
0.510625082
0.497795831
0.464702714
0.485384305
0.478136468
0.485660223
0.487577691
0.533629721
0.505444143
0.466968204
0.48933956
0.472171779
0.477365502
0.540514824
0.519277457
0.567695266
0.491350885
0.472007821
0.462765972
0.493089849
0.481918217
0.486295537
0.488794523
0.45015317
0.467274193
0.460456341
0.502698825
0.453022801
0.507516608
0.502737904
0.435765738
0.486242662
0.513305291
0.488659658
0.500038521
0.488582896
0.488574138
0.51749583
0.503902799
0.471961186
0.495554181
0.511029416
0.485167089
0.489919676
0.474483478
0.513045246
0.53465071
0.484268213
0.479159077
0.479703202
0.444106709
0.470615614
0.483596964
0.498273664
0.464178603
0.478594786
0.499418465
0.495229244
0.466531855
0.513355069
0.512627525
0.495108757
0.537701725
0.478272906
0.475903241
0.505073154
0.4902622
0.517119481
0.4701165
0.436879963
0.458129295
0.456788057
0.475283915
0.517938775
0.483967584
0.489606795
0.505198341
0.516197072
0.45646059
0.457829541
0.505939192
0.496288043
0.481173238
0.453083258
0.489670425
0.508538002
0.48858243
0.490116118
0.500079081
0.549596293
0.480529984
0.519230591
0.491138001
0.465638683
0.490394993
0.500144395
0.483475519
0.54618786
0.477155023
0.533367308
0.47904444
0.475553995
0.464897836
0.476210358
0.47578798
0.52515715
0.509519847
0.458819323
0.479437857
0.521627548
0.464206671
0.516407358
0.492486562
0.502688438
0.473525014
0.466079807
0.492952198
0.487203978
0.513601118
0.457137878
0.467352145
0.485615477
0.48923386
0.500906878
0.483207048
0.486648681
0.511032355
0.466471309
0.491448863
0.524999111
0.496411386
0.468711073
0.509013883
0.483978523
0.531457488
0.453555627
0.556241586
0.487306039
0.477856042
0.486051578
0.477878297
0.551071685
0.485894122
0.45363119
0.503455576
0.512685444
0.512474172
0.492764497
0.476755584
0.483047831
0.513170998
0.499963674
0.478122703
0.492876482
0.46435996
0.46478626
0.47634784
0.514953418
0.475767211
0.463627721
0.476943965