0.781035605
0.757660115
0.771826215
0.746640525
0.741061837
0.715101437
0.764664375
0.783083531
0.771548318
0.863807414
0.810413417
0.808422816
0.76224708
0.816012878
0.7888314
0.800363138
0.755117836
0.751870246
0.810006357
0.785653344
0.802803557
0.999999995
0.723368776
0.723486163
0.816061516
0.802058519
0.623070272
0.667524206
0.713552788
0.745862278
0.671383354
0.634232233
0.642635718
0.77810575
0.637666419
0.727338345
0.713752625
0.713471472
0.730206438
0.682346535
0.663527114
0.643360652
0.717265436
0.781035605
0.786058149
0.731342366
0.756805856
0.747785585
0.721107665
0.999999995
0.834623206
0.686087055
0.745511455
0.724132014
0.784470774
0.728760018
0.762001631
0.661462589
0.7282404
0.64874756
0.776730678
0.840825007
0.721404251
0.67737557
0.788772033
0.707741382
0.82077645
0.577516436
0.771870021
0.772172735
0.760156148
0.723668072
0.775265318
0.787270523
0.806854615
0.754203277
0.761368811
0.753045628
0.736367683
0.705203722
0.661807602
0.65081631
0.826818834
0.700334786
0.704737681
0.742317772
0.724027511
0.817382079
0.837881457
0.685300775
0.720261825
0.773364366
0.702680763
0.766048752
0.747717264
0.774164823
0.721323662
0.682807129
0.846315654
0.706445689
0.82112288
0.780504827
0.712148108
0.74871457
0.773364366
0.685867216
0.768011817
0.750683671
0.877113236
0.768125073
0.771725647
0.999999993
0.714134817
0.740785742
0.814824536
0.725030148
0.763703375
0.820144477
0.826587861
0.781605417
0.808246587
0.801331842
0.824518403
0.781125029
0.624833478
0.735286005
0.736480632
0.666202114
0.727871554
0.755008316
0.717330742
0.7313238
0.724338335
0.827724336
0.660231685
0.717323721
0.730651053
0.731773468
0.641260767
0.732687577
0.834623206
0.665246826
0.723236742
0.763400384
0.758587544
0.999999993
0.705307168
0.785880346
0.774873369
0.727070841
0.737272006
0.735514044
0.738141584
0.737875623
0.831870776
0.737785285
0.7888314
0.999999995
0.748162612
0.850323312
0.838547851
0.751063814
0.762803347
0.776017045
0.736715471
0.812784435
0.724727656
0.828661614
0.686734253
0.723368776
0.726815302
0.635606844
0.700063183
0.783711053
0.764624183
0.768177676
0.347462484
0.865812244
0.83011684
0.800363138
0.748162612
0.717856732
0.734640728
0.825500324
0.831246171
0.88376671
0.347462484
0.870837546
0.833058529
0.670256182
0.666858101
0.602475
0.667700407
0.774002778
0.654380372
0.681516631
0.711348509
0.735252373
0.680230322
0.71851287
0.735625227
0.661208102
0.672723367
0.755117836
0.850323312
0.717856732
0.832444452
0.723630747
0.736103307
0.746837086
0.682807129
0.677020032
0.786716675
0.668412277
0.717276105
0.740043173
0.73275721
0.768670088
0.717787586
0.743433577
0.716431147
0.753863277
0.753781817
0.735600482
0.760726002
0.734350486
0.755466837
0.732730671
0.755544616
0.731232426
0.741404336
0.834250881
0.755831762
0.856842712
0.743534778
0.762534526
0.753120556
0.680423373
0.66688781
0.742541443
0.672040417
0.848300786
0.85684136
0.820840265
0.802800838
0.738600733
0.765225536
0.856352284
0.733828185
0.788638153
0.758450067
0.857345002
0.999999993
0.661751812
0.672173621
0.703870742
0.702188736
0.818102111
0.836187676
0.67574233
0.652172482
0.711587778
0.700827761
0.743644757
0.824573119
0.688257448
0.827565721
0.714766723
0.707063663
0.685577565
0.713565564
0.674240102
0.700105672
0.683024872
0.762244808
0.665242107
0.637183144
0.666440386
0.820144477
0.823435317
0.720742581
0.830070001
0.880630436
0.865287455
0.784833514
0.834236355
0.856023301
0.733511357
0.715644382
0.700260754
0.756763576
0.764140128
0.716017888
0.720318044
0.721685606
0.812736032
0.765116548
0.718434446
0.682047257
0.672518701
0.732055289
0.735745744
0.667701302
0.733478077
0.826587861
0.823435317
0.838532068
0.871207327
0.816806355
0.878364617
0.822070657
0.674240102
0.735156336
0.752234141
0.706281827
0.802141447
0.723303244
0.731674264
0.716620452
0.707713126
0.757474089
0.744450054
0.657717736
0.758363547
0.712680227
0.682047257
0.999999993
0.741434445
0.676807034
0.705628165
0.738773326
0.686676064
0.756211342
0.720265088
0.722226206
0.776383037
0.841835188
0.818505421
0.778133376
0.728063227
0.732621387
0.730887884
0.756383571
0.878487864
0.830045038
0.736346289
0.756211342
0.827305253
0.823741768
0.777802757
0.76310165
0.752450268
0.800407551
0.672518701
0.741434445
0.73107232
0.740618206
0.816377244
0.701531437
0.801432846
0.676343067
0.688510472
0.814861733
0.652673236
0.860825733
0.705350064
0.804326479
0.705078582
0.741412163
0.800271431
0.756333021
0.860825733
0.999999995
0.782317009
0.767181533
0.70382667
0.782812789
0.801045543
0.784745452
0.824573119
0.70004488
0.803035017
0.715851236
0.730158833
0.680200206
0.723176579
0.624833478
0.714745888
0.710237136
0.873265128
0.645837687
0.656614027
0.999999995
0.820218515
0.758362765
0.866707835
0.999999995
0.830126633
0.846315654
0.677020032
0.678408146
0.804172756
0.746507821
0.674177021
0.735267535
0.768670088
0.681048574
0.724880248
0.725710784
0.773642366
0.726876204
0.740235411
0.785445613
0.83374874
0.752510762
0.817445265
0.711348509
0.773461547
0.726216872
0.853238065
0.777071241
0.705451232
0.748506679
0.705307168
0.999999995
0.742260022
0.74756768
0.734783026
0.767030378
0.750163166
0.762103355
0.728760018
0.745166485
0.671737082
0.685470481
0.662214462
0.780460438
0.712676852
0.781130547
0.740776448
0.746722322
0.601621606
0.607213771
0.778614217
0.748440842
0.630272643
0.676026845
0.687860043
0.651444844
0.735252373
0.773461547
0.724846812
0.72611775
0.818256746
0.710072085
0.73321456
0.754052335
0.807413068
0.865660063
0.776017861
0.858507877
0.602560634
0.614504277
0.818051473
0.743886476
0.738600733
0.80174566
0.760061887
0.666456488
0.723167778
0.811104628
0.752055119
0.850684007
0.720480604
0.780344567
0.716604182
0.758663745
0.738306021
0.740533034
0.760726002
0.728428686
0.668232217
0.705332473
0.776786413
0.755511684
0.640035827
0.628325773
0.612643733
0.624567718
0.622452371
0.667630827
0.613655017
0.70847212
0.827724336
0.672643247
0.708883686
0.722157473
0.733358386
0.657077281
0.753475459
0.999999995
0.716367588
0.730885468
0.732464601
0.732505061
0.771547875
0.80036427
0.750806646
0.732055289
0.676807034
0.73107232
0.735103235
0.723732276
0.714287427
0.999999995
0.758108381
0.670738829
0.707272321
0.673880653
0.703253411
0.654533664
0.806225505
0.704684404
0.712351054
0.725357374
0.751050126
0.748410713
0.741173475
0.72714747
0.834373785
0.868388823
0.700105672
0.735156336
0.776313338
0.756226846
0.803803255
0.752001515
0.745513223
0.735212479
0.801745365
0.767187142
0.747538207
0.776600879
0.778140224
0.82102173
0.820207178
0.763786189
0.707262768
0.855106755
0.706041418
0.737875623
0.756566223
0.735263348
0.714134817
0.999999995
0.645108479
0.718808032
0.671151383
0.621007004
0.607213771
0.999999993
0.718227777
0.650571271
0.744247767
0.778886666
0.648721811
0.632835808
0.702680763
0.685867216
0.999999995
0.736061337
0.731177076
0.608231236
0.683645117
0.714802345
0.754052335
0.776417002
0.754163418
0.810105684
0.751555637
0.801432846
0.651325551
0.653818807
0.826363509
0.678256444
0.716620452
0.677103817
0.768173145
0.737500562
0.685200769
0.753407773
0.642572274
0.765225536
0.80174566
0.763768483
0.670234571
0.737037355
0.785054437
0.766526202
0.735286005
0.714745888
0.999999993
0.847175449
0.728652375
0.714523843
0.655107237
0.850684007
0.700146543
0.756018061
0.725577172
0.751452456
0.716585216
0.750103152
0.781605417
0.720742581
0.838532068
0.837682453
0.724081255
0.834387225
0.745584706
0.735462306
0.662088335
0.683453506
0.788137547
0.763142724
0.670420806
0.725318548
0.812508644
0.724834552
0.723347372
0.778614217
0.718227777
0.999999995
0.785643878
0.712332868
0.652167851
0.655316077
0.630731335
0.700337245
0.725227804
0.708417126
0.726415018
0.726606071
0.604145533
0.661054756
0.865812244
0.870837546
0.843606434
0.725318548
0.704681629
0.803600019
0.808745414
0.630156716
0.733588087
0.741135065
0.863807414
0.999999993
0.773586432
0.804607124
0.754211234
0.774815745
0.833032821
0.853225081
0.780226831
0.726713418
0.833032821
0.848160771
0.775762148
0.704663767
0.776077762
0.720672506
0.751765808
0.731747051
0.741213124
0.714386755
0.781101131
0.726501028
0.731624372
0.866116851
0.667513322
0.67643408
0.856352284
0.760061887
0.763768483
0.717318708
0.780365137
0.767703507
0.864431166
0.686087055
0.665246826
0.704802458
0.714755767
0.724347214
0.720480604
0.700146543
0.731763513
0.84724045
0.730004045
0.721840243
0.786226028
0.818102111
0.999999993
0.823514582
0.662168008
0.670033533
0.701543002
0.702132545
0.750324103
0.670256182
0.63088611
0.760324304
0.776476666
0.677512542
0.663686062
0.6537328
0.676343067
0.651325551
0.886173823
0.676672454
0.665050384
0.683024872
0.752234141
0.776313338
0.683685624
0.742633811
0.844644575
0.862482117
0.706445689
0.786716675
0.678408146
0.602778671
0.720802814
0.726177783
0.728771742
0.766048752
0.768011817
0.736061337
0.851830514
0.757456753
0.747350877
0.764685845
0.747717264
0.750683671
0.731177076
0.851830514
0.742142813
0.736438257
0.747631224
0.735745744
0.705628165
0.740618206
0.735103235
0.999999995
0.740752159
0.710623703
0.748410713
0.999999993
0.820153007
0.731365317
0.72146662
0.73088066
0.704684404
0.766412431
0.66238105
0.80086606
0.688510472
0.653818807
0.886173823
0.603010621
0.686350161
0.780344567
0.756018061
0.731763513
0.999999993
0.744675486
0.818448077
0.811334064
0.737205481
0.745862278
0.64840574
0.634343415
0.636811152
0.747124053
0.637055476
0.675073859
0.637507101
0.646722222
0.648417254
0.747404635
0.654836454
0.647764204
0.688286511
0.716604182
0.725577172
0.84724045
0.744675486
0.753673152
0.744502732
0.820438254
0.762244808
0.706281827
0.756226846
0.683685624
0.688617242
0.672740034
0.663606877
0.835165674
0.752117845
0.744534735
0.844003225
0.785445613
0.787302813
0.806060766
0.714005382
0.835165674
0.762848487
0.810166365
0.847016652
0.645048047
0.776784333
0.762770511
0.710781721
0.762050859
0.706387344
0.714568034
0.707713126
0.677103817
0.999999993
0.704125511
0.681667335
0.811643268
0.684086384
0.844071831
0.848300786
0.853860153
0.868155653
0.833032339
0.830126633
0.826731544
0.850860341
0.736480632
0.710237136
0.847175449
0.713816007
0.713400807
0.702070062
0.757660115
0.786058149
0.761541456
0.83711527
0.781513241
0.784780751
0.999999993
0.814202766
0.842567564
0.718678107
0.812508644
0.704681629
0.672845312
0.68258853
0.785880346
0.742260022
0.999999995
0.828350317
0.724012769
0.808530837
0.778132288
0.785124186
0.630156716
0.814176848
0.78518515
0.999999995
0.752173105
0.738226385
0.843106823
0.831583509
0.761404808
0.82112288
0.668412277
0.804172756
0.602778671
0.751332027
0.708268065
0.738540166
0.717330742
0.786620002
0.736271129
0.815045254
0.662518447
0.633335688
0.817031353
0.687210315
0.671857223
0.672565204
0.735257421
0.753228185
0.765218756
0.775624353
0.742842811
0.748008018
0.75122863
0.776077762
0.758080035
0.845063662
0.706223374
0.774202255
0.772053053
0.720265088
0.827305253
0.836862548
0.753052722
0.737160168
0.737643438
0.778170637
0.740785742
0.645108479
0.753530463
0.701544383
0.762851677
0.637507101
0.746245138
0.751744113
0.700654456
0.821105276
0.722503854
0.624622244
0.716017888
0.999999995
0.760835215
0.818765274
0.682385328
0.736152809
0.806763073
0.814861733
0.826363509
0.676672454
0.603010621
0.672100874
0.736715471
0.73686816
0.847650775
0.75403404
0.76318373
0.780460438
0.756173332
0.820474527
0.717255551
0.758320123
0.606782272
0.67858322
0.772831017
0.687788424
0.653045624
0.999999993
0.857234844
0.744683237
0.755817671
0.741687677
0.713822537
0.787001358
0.727861749
0.67858322
0.686314761
0.746614427
0.808525104
0.402830884
0.784136859
0.681803306
0.734632838
0.705625261
0.671383354
0.64840574
0.617768647
0.687263722
0.653142272
0.70142616
0.686141301
0.743356666
0.777757105
0.675037188
0.688245015
0.661327055
0.653583065
0.740045687
0.767137237
0.740580509
0.771870021
0.830761207
0.701002161
0.681553032
0.852161659
0.665242107
0.802141447
0.803803255
0.742633811
0.688617242
0.718767565
0.730558277
0.637183144
0.723303244
0.752001515
0.844644575
0.672740034
0.718767565
0.824072831
0.733828185
0.666456488
0.670234571
0.717318708
0.999999995
0.732454068
0.685125552
0.723102082
0.757474089
0.768173145
0.704125511
0.745615464
0.727728785
0.851740218
0.718423182
0.675037188
0.765732337
0.838055271
0.810672241
0.735463608
0.744066772
0.74565887
0.646722222
0.746245138
0.863136204
0.668048603
0.722822354
0.865436754
0.677356668
0.832005862
0.848752867
0.76004213
0.701860026
0.700337245
0.787613136
0.665874456
0.722783686
0.666224482
0.556825605
0.688020389
0.83374874
0.787302813
0.761137612
0.820501336
0.666858101
0.63088611
0.656185553
0.645580147
0.643360104
0.605027816
0.641135387
0.645048047
0.622146753
0.716206349
0.782711751
0.647861188
0.840653718
0.670000765
0.67737557
0.999999995
0.656356641
0.715171083
0.613862437
0.632566202
0.834236355
0.864573746
0.734588333
0.655832842
0.684606618
0.747051767
0.762670562
0.812784435
0.73686816
0.735014881
0.851570246
0.722584872
0.725227804
0.787613136
0.704200089
0.718000475
0.703182043
0.570054617
0.734280466
0.666284535
0.700607251
0.720584133
0.786861151
0.623484575
0.617832587
0.628325773
0.703777655
0.660042018
0.615538106
0.625071464
0.650207704
0.671223184
0.656153106
0.63008434
0.671454878
0.665807719
0.666815307
0.658800362
0.743534778
0.763402115
0.784173854
0.72526365
0.720581474
0.764583884
0.700078345
0.735212479
0.999999995
0.738034501
0.813802317
0.837346436
0.83533481
0.840064731
0.758787457
0.999999995
0.760406053
0.711368224
0.717163004
0.722362433
0.826753575
0.727210102
0.820657827
0.722226206
0.823741768
0.836862548
0.999999995
0.755105085
0.73831355
0.741082809
0.75431844
0.805581313
0.700506448
0.742886028
0.760406053
0.999999995
0.783675183
0.736002473
0.736622405
0.755256043
0.852522338
0.743131464
0.787270523
0.766663805
0.853441584
0.754627142
0.816387026
0.77812372
0.851441225
0.650782362
0.675041461
0.705740357
0.843077319
0.653218451
0.723625261
0.655631038
0.776784333
0.622146753
0.84318415
0.720580262
0.771887635
0.687738006
0.688602786
0.705350064
0.782317009
0.999999995
0.803255138
0.763813026
0.764727722
0.741744474
0.842120782
0.704737681
0.777331036
0.832255682
0.74135447
0.718517022
0.728825581
0.771701268
0.815045254
0.684185433
0.663505703
0.811435171
0.704671375
0.678280526
0.671134876
0.662518447
0.684185433
0.999999995
0.645170745
0.657543412
0.828214342
0.723272257
0.664184434
0.648417254
0.751744113
0.863136204
0.673281565
0.741646257
0.830556229
0.662147712
0.633335688
0.663505703
0.645170745
0.626121802
0.708462281
0.723876368
0.611858803
0.656153106
0.653083445
0.65270222
0.821644106
0.668725032
0.76645216
0.807413068
0.776417002
0.708356732
0.725556565
0.787723346
0.688245015
0.765732337
0.771801319
0.738744452
0.708406644
0.718773677
0.777782763
0.76407417
0.786648307
0.672100256
0.853300033
0.72742643
0.82721754
0.762453121
0.74642644
0.705203722
0.770043307
0.768426419
0.71383701
0.676272887
0.661327055
0.838055271
0.771801319
0.742286671
0.681631181
0.703247034
0.744570535
0.728063227
0.846358543
0.755875285
0.768648084
0.707223717
0.715311715
0.740880435
0.653583065
0.810672241
0.738744452
0.742286671
0.721338283
0.731215708
0.701862459
0.820207178
0.771183767
0.715735821
0.848522446
0.70232867
0.820574771
0.770405044
0.76224102
0.713752625
0.744258137
0.704842216
0.647027378
0.645803306
0.653503369
0.621806552
0.688257448
0.70004488
0.724524373
0.820187323
0.771385241
0.614851881
0.820355282
0.85684136
0.853860153
0.845041507
0.821643424
0.762534526
0.763402115
0.762108506
0.728841451
0.717064176
0.803372218
0.733526246
0.723486163
0.726815302
0.716477716
0.713131454
0.772836306
0.786305772
0.746726581
0.652673236
0.678256444
0.665050384
0.686350161
0.672100874
0.742317772
0.777331036
0.738582864
0.751612502
0.741387542
0.705116143
0.703738527
0.776755588
0.761156336
0.756365368
0.773218878
0.720672506
0.758080035
0.740860841
0.734114602
0.814304173
0.774262566
0.836187676
0.823514582
0.999999993
0.705744848
0.704710024
0.734103344
0.721515521
0.770803505
0.706516006
0.754247082
0.717143062
0.810413417
0.773586432
0.784350305
0.755547686
0.8281764
0.83011684
0.833058529
0.843606434
0.999999995
0.734350486
0.728428686
0.760633651
0.778281353
0.723876602
0.725501011
0.730617189
0.711368224
0.783675183
0.710441454
0.716078773
0.684633276
0.758282256
0.614216574
0.762770511
0.716206349
0.84318415
0.999999993
0.728700605
0.751351223
0.715061047
0.678724873
0.752173105
0.764851013
0.771664129
0.757685135
0.861667734
0.724727656
0.847650775
0.735014881
0.999999993
0.762084371
0.784401383
0.708417126
0.665874456
0.704200089
0.768821631
0.708584526
0.585665004
0.681687646
0.817031353
0.811435171
0.657543412
0.626121802
0.670214358
0.653786006
0.662122263
0.745511455
0.723236742
0.704802458
0.763488503
0.806331844
0.753120556
0.784173854
0.762108506
0.734512474
0.734854768
0.753158266
0.718508437
0.781101131
0.688387565
0.620518541
0.788041136
0.703580806
0.706311234
0.834250881
0.734100046
0.884243243
0.816061516
0.635606844
0.716477716
0.810644305
0.663135837
0.603514251
0.714756716
0.758663745
0.751452456
0.730004045
0.818448077
0.753673152
0.999999995
0.827786474
0.743271084
0.856023301
0.864573746
0.999999995
0.740210485
0.711541446
0.607401512
0.755386074
0.766007001
0.820574771
0.758258171
0.746505845
0.787383223
0.844415507
0.767882826
0.736458163
0.820318222
0.844466342
0.735257421
0.803535455
0.723086574
0.738084112
0.714625248
0.802348357
0.710087427
0.753228185
0.803535455
0.76546732
0.764084256
0.76157725
0.766402146
0.715183834
0.602475
0.760324304
0.656185553
0.810712741
0.608233044
0.677537833
0.655322805
0.724027511
0.832255682
0.738582864
0.761341066
0.742358437
0.800017314
0.762083776
0.653218451
0.800641581
0.72834035
0.744450054
0.737500562
0.681667335
0.745615464
0.721750168
0.730426159
0.704327715
0.743356666
0.772817134
0.777757105
0.772817134
0.732621387
0.846358543
0.788384021
0.787125226
0.700758359
0.744270452
0.764665237
0.63008434
0.653083445
0.777184887
0.652226456
0.808755086
0.677830484
0.67574233
0.662168008
0.705744848
0.999999993
0.732865102
0.747145547
0.776625889
0.753463871
0.857234844
0.999999993
0.755173007
0.748738765
0.740255455
0.771062604
0.763731424
0.727332533
0.661751812
0.732775642
0.706042305
0.752074708
0.652172482
0.670033533
0.704710024
0.732865102
0.767717281
0.718778043
0.741553833
0.712676852
0.756173332
0.999999995
0.7256078
0.738814522
0.807353349
0.786436618
0.713471472
0.744258137
0.999999995
0.702177122
0.661381578
0.664167242
0.651562185
0.667660771
0.748440842
0.650571271
0.785643878
0.674371321
0.67584166
0.647807067
0.620754273
0.770405044
0.758258171
0.714542821
0.660231685
0.672643247
0.760103524
0.650168008
0.652668315
0.864520135
0.667112558
0.612643733
0.703777655
0.656854127
0.623553739
0.604485658
0.655576022
0.671638829
0.744683237
0.755173007
0.745243065
0.734744051
0.748381265
0.743020866
0.734624048
0.706516006
0.999999995
0.774384521
0.711113187
0.624567718
0.660042018
0.656854127
0.806617463
0.684464626
0.822318349
0.652581044
0.814202766
0.812421015
0.728761214
0.806854615
0.766663805
0.758200229
0.821476578
0.722116074
0.712420137
0.842567564
0.812421015
0.716300413
0.765218756
0.723086574
0.76546732
0.767888013
0.756013843
0.726707542
0.751403188
0.775624353
0.738084112
0.764084256
0.767888013
0.999999993
0.760865243
0.772176532
0.703881537
0.738226385
0.764851013
0.771152832
0.762736103
0.742776853
0.755831762
0.734100046
0.999999993
0.747702813
0.726501028
0.688387565
0.873618666
0.741733455
0.723887214
0.723580013
0.713868165
0.718767686
0.843572072
0.82504567
0.717787586
0.681048574
0.751602471
0.713550815
0.755015271
0.768508145
0.711008034
0.751765808
0.845063662
0.740860841
0.740346871
0.763023488
0.761531362
0.680423373
0.72526365
0.728841451
0.734512474
0.811652182
0.753801182
0.788003328
0.752510762
0.806060766
0.761137612
0.767633057
0.630272643
0.744247767
0.712332868
0.674371321
0.806460201
0.675320878
0.700655224
0.781130547
0.820474527
0.7256078
0.732640002
0.761014583
0.684845614
0.66688781
0.720581474
0.717064176
0.734854768
0.811652182
0.754430251
0.750088541
0.741173475
0.820153007
0.754052238
0.726235275
0.720332024
0.827565721
0.803035017
0.724524373
0.747358346
0.746404033
0.661858241
0.743087533
0.802058519
0.700063183
0.713131454
0.810644305
0.999999995
0.702242332
0.651138867
0.704347318
0.865660063
0.754163418
0.708356732
0.999999995
0.764411587
0.830674866
0.712351054
0.766412431
0.716833445
0.756706652
0.716367588
0.765048686
0.764777777
0.643018183
0.758517442
0.736373061
0.725507506
0.763786189
0.771183767
0.785057117
0.788542158
0.772157441
0.623070272
0.783711053
0.772836306
0.663135837
0.702242332
0.784618223
0.733050781
0.740045687
0.735463608
0.708406644
0.681631181
0.721338283
0.864620479
0.775702434
0.72714747
0.731365317
0.754052238
0.738380089
0.707256605
0.76407417
0.821823384
0.705076311
0.676026845
0.778886666
0.652167851
0.67584166
0.806460201
0.714874061
0.644063767
0.758108381
0.67430108
0.685874105
0.653083462
0.674073233
0.65826061
0.787474803
0.714766723
0.715851236
0.820187323
0.747358346
0.766111851
0.630122375
0.827863234
0.710781721
0.782711751
0.720580262
0.728700605
0.657621821
0.766045401
0.673626088
0.832005862
0.863662535
0.753141377
0.674262748
0.776755588
0.999999993
0.844808628
0.714708512
0.761581313
0.731624372
0.620518541
0.873618666
0.752233408
0.716260107
0.730287836
0.755817671
0.748738765
0.745243065
0.814160068
0.777868514
0.752411589
0.843858406
0.804326479
0.767181533
0.803255138
0.721170652
0.815757482
0.78402071
0.771387544
0.720318044
0.760835215
0.999999995
0.730643223
0.727406144
0.766843753
0.737437656
0.851441225
0.999999995
0.657663711
0.674887012
0.712281785
0.876322856
0.772172735
0.830761207
0.687055243
0.675626155
0.871011485
0.772831017
0.686314761
0.718855538
0.663506273
0.817382079
0.74135447
0.751612502
0.761341066
0.818812327
0.741485528
0.74315562
0.853300033
0.710761688
0.771636462
0.760775245
0.744243001
0.780504827
0.717276105
0.746507821
0.720802814
0.751332027
0.737418134
0.82842266
0.742842811
0.714625248
0.76157725
0.756013843
0.760865243
0.757028566
0.710136811
0.718678107
0.728761214
0.716300413
0.999999993
0.717163004
0.736002473
0.710441454
0.833677819
0.678584158
0.743342624
0.702885103
0.670738829
0.67430108
0.708181853
0.742854222
0.678870577
0.638235322
0.673515681
0.707272321
0.685874105
0.708181853
0.999999995
0.663605108
0.875378287
0.678262227
0.740613169
0.762050859
0.647861188
0.771887635
0.751351223
0.657621821
0.655316301
0.67788543
0.866116851
0.788041136
0.741733455
0.752233408
0.678233264
0.674233133
0.853225081
0.848160771
0.78550464
0.725102433
0.801745365
0.738034501
0.768065851
0.762578554
0.763462433
0.771164775
0.82361303
0.832481661
0.814135288
0.833335412
0.666284535
0.999999993
0.755318367
0.677254848
0.674120225
0.706416084
0.74640632
0.666202114
0.873265128
0.728652375
0.713816007
0.645477761
0.666403164
0.724132014
0.763400384
0.714755767
0.763488503
0.999999995
0.804566178
0.713868165
0.802762776
0.676205385
0.715750546
0.731747051
0.706223374
0.734114602
0.740346871
0.757673424
0.724728427
0.671454878
0.65270222
0.777184887
0.655243386
0.722253658
0.706448839
0.665807719
0.821644106
0.652226456
0.655243386
0.655532574
0.787624347
0.733511357
0.734588333
0.740210485
0.776511388
0.788778748
0.783807683
0.838360405
0.730887884
0.755875285
0.788384021
0.999999995
0.741141767
0.704348767
0.741187535
0.785636064
0.774873369
0.74756768
0.828350317
0.999999995
0.77231575
0.773167227
0.776458707
0.788711638
0.754203277
0.853441584
0.758200229
0.760312844
0.73137235
0.762215283
0.72742643
0.710761688
0.999999995
0.706520811
0.725478732
0.730551133
0.767137237
0.744066772
0.718773677
0.703247034
0.731215708
0.864620479
0.999999995
0.706874131
0.707262768
0.715735821
0.785057117
0.999999995
0.757532075
0.885282649
0.730206438
0.704842216
0.702177122
0.715441368
0.718036824
0.675112042
0.766273165
0.634232233
0.634343415
0.617768647
0.680516033
0.647254608
0.681817815
0.646730753
0.817445265
0.714005382
0.820501336
0.767633057
0.762001631
0.745166485
0.67462427
0.733086281
0.642231068
0.718767686
0.802762776
0.708283154
0.724020758
0.826731544
0.999999995
0.886101432
0.700607251
0.755318367
0.738021307
0.748883579
0.708661724
0.652560858
0.831870776
0.756566223
0.862340503
0.808246587
0.830070001
0.871207327
0.837682453
0.848545007
0.85480001
0.815267482
0.680230322
0.726216872
0.724846812
0.745102568
0.713715641
0.865667156
0.820346418
0.673880653
0.653083462
0.742854222
0.663605108
0.678055276
0.780475001
0.665437073
0.722362433
0.736622405
0.716078773
0.833677819
0.681261352
0.74526403
0.717447733
0.755466837
0.668232217
0.760633651
0.726705337
0.683211182
0.640052838
0.705063088
0.776383037
0.777802757
0.753052722
0.755105085
0.767173354
0.761405668
0.852670413
0.743433577
0.724880248
0.751602471
0.661113702
0.722066565
0.701556811
0.676034735
0.760156148
0.701002161
0.687055243
0.783088675
0.644326867
0.703253411
0.674073233
0.678870577
0.875378287
0.678055276
0.999999995
0.674120208
0.741100632
0.687788424
0.746614427
0.718855538
0.999999995
0.743827862
0.754247082
0.774384521
0.766755135
0.642635718
0.636811152
0.687263722
0.680516033
0.666066763
0.734064413
0.611401511
0.717143062
0.711113187
0.766755135
0.682346535
0.647027378
0.661381578
0.715441368
0.820640827
0.783506725
0.733274477
0.767187142
0.813802317
0.768065851
0.85285011
0.832152162
0.834552721
0.784131017
0.741213124
0.774202255
0.814304173
0.763023488
0.757673424
0.871735553
0.720584133
0.677254848
0.738021307
0.999999995
0.788630386
0.641504076
0.606838813
0.687210315
0.704671375
0.828214342
0.708462281
0.670214358
0.999999995
0.745386221
0.677738619
0.667513322
0.703580806
0.723887214
0.716260107
0.678233264
0.822323123
0.661462589
0.671737082
0.67462427
0.667372441
0.606033588
0.716431147
0.725710784
0.713550815
0.661113702
0.773486804
0.681014462
0.777684853
0.717323721
0.708883686
0.760103524
0.706371687
0.678745452
0.765428638
0.637560466
0.741687677
0.740255455
0.734744051
0.814160068
0.75284431
0.765041057
0.84833488
0.657717736
0.685200769
0.811643268
0.727728785
0.721750168
0.999999993
0.614871833
0.822802331
0.77810575
0.747124053
0.653142272
0.647254608
0.666066763
0.64752028
0.708536228
0.834373785
0.72146662
0.726235275
0.738380089
0.848866523
0.622452371
0.615538106
0.623553739
0.806617463
0.655040581
0.821250446
0.640366131
0.756383571
0.768648084
0.787125226
0.741141767
0.725543706
0.783228775
0.773673253
0.667630827
0.625071464
0.604485658
0.684464626
0.655040581
0.999999993
0.672406262
0.721278654
0.855106755
0.848522446
0.788542158
0.757532075
0.999999993
0.740822279
0.748008018
0.802348357
0.766402146
0.726707542
0.772176532
0.757028566
0.999999993
0.618718603
0.666815307
0.668725032
0.808755086
0.722253658
0.655532574
0.661201171
0.742541443
0.764583884
0.803372218
0.753158266
0.753801182
0.754430251
0.736811516
0.733588087
0.814176848
0.999999995
0.843185236
0.788772033
0.656356641
0.999999995
0.647702363
0.766811182
0.575325358
0.843572072
0.676205385
0.708283154
0.816170442
0.758363547
0.753407773
0.684086384
0.851740218
0.730426159
0.614871833
0.638488442
0.67643408
0.706311234
0.723580013
0.730287836
0.674233133
0.822323123
0.672173621
0.732775642
0.674114564
0.800265385
0.788638153
0.723167778
0.737037355
0.780365137
0.732454068
0.999999993
0.750622243
0.828742054
0.76224102
0.746505845
0.714542821
0.761368811
0.754627142
0.821476578
0.760312844
0.73838744
0.726746226
0.714386755
0.772053053
0.774262566
0.761531362
0.724728427
0.871735553
0.999999995
0.747538207
0.837346436
0.762578554
0.85285011
0.838353574
0.850736543
0.776503218
0.832481661
0.770526533
0.776836785
0.856842712
0.884243243
0.747702813
0.753863277
0.773642366
0.755015271
0.722066565
0.773486804
0.735770246
0.785057255
0.715644382
0.655832842
0.711541446
0.776511388
0.82800304
0.776755838
0.764130308
0.801331842
0.880630436
0.816806355
0.724081255
0.848545007
0.841321587
0.784400161
0.402830884
0.482134644
0.480448061
0.411617633
0.482822653
0.826753575
0.755256043
0.684633276
0.678584158
0.681261352
0.740545354
0.838181463
0.723625261
0.800641581
0.736561151
0.727210102
0.852522338
0.758282256
0.743342624
0.74526403
0.740545354
0.741808429
0.784743267
0.767176475
0.710860554
0.718036435
0.801071127
0.726415018
0.722783686
0.718000475
0.768821631
0.784454329
0.602254826
0.678748702
0.805581313
0.999999995
0.805273685
0.772704263
0.700506448
0.805273685
0.744543464
0.742886028
0.772704263
0.744543464
0.732730671
0.705332473
0.778281353
0.726705337
0.999999993
0.715144616
0.714817552
0.74785414
0.723668072
0.681553032
0.675626155
0.783088675
0.999999993
0.674585616
0.784743267
0.999999995
0.780046561
0.715455664
0.725311018
0.880012258
0.761156336
0.844808628
0.999999995
0.654127003
0.74105633
0.727070841
0.734783026
0.724012769
0.77231575
0.860761476
0.830186739
0.81888848
0.82504567
0.715750546
0.724020758
0.816170442
0.730651053
0.722157473
0.650168008
0.706371687
0.800046244
0.656127712
0.811802313
0.602560634
0.999999995
0.84216786
0.686640464
0.605015377
0.687860043
0.648721811
0.655316077
0.647807067
0.675320878
0.714874061
0.999999995
0.766846571
0.740580509
0.74565887
0.777782763
0.744570535
0.701862459
0.775702434
0.706874131
0.999999995
0.753045628
0.816387026
0.722116074
0.73137235
0.73838744
0.999999993
0.840714677
0.841835188
0.76310165
0.737160168
0.73831355
0.767173354
0.999999995
0.810888442
0.715575247
0.667524206
0.764624183
0.786305772
0.603514251
0.651138867
0.784618223
0.726561753
0.672040417
0.700078345
0.733526246
0.718508437
0.788003328
0.750088541
0.736811516
0.667700407
0.776476666
0.645580147
0.810712741
0.671463166
0.650254371
0.640572311
0.758450067
0.811104628
0.785054437
0.767703507
0.685125552
0.750622243
0.999999995
0.775363385
0.706041418
0.70232867
0.772157441
0.885282649
0.740822279
0.999999995
0.736367683
0.77812372
0.712420137
0.762215283
0.726746226
0.840714677
0.747404635
0.700654456
0.668048603
0.673281565
0.999999993
0.727082011
0.662433315
0.70418756
0.651444844
0.632835808
0.630731335
0.620754273
0.700655224
0.644063767
0.766846571
0.614504277
0.84216786
0.999999995
0.668082182
0.664163068
0.613655017
0.650207704
0.655576022
0.822318349
0.821250446
0.672406262
0.999999995
0.65006611
0.637666419
0.637055476
0.70142616
0.681817815
0.734064413
0.64752028
0.999999995
0.652237822
0.737272006
0.767030378
0.808530837
0.773167227
0.860761476
0.774111349
0.816285141
0.786648307
0.821823384
0.724583869
0.731773468
0.733358386
0.652668315
0.678745452
0.800046244
0.667244306
0.886568672
0.726606071
0.666224482
0.703182043
0.708584526
0.784454329
0.999999993
0.607216687
0.713771103
0.711587778
0.701543002
0.734103344
0.747145547
0.767717281
0.748112814
0.752857055
0.735462306
0.678846033
0.68735352
0.774052034
0.726474875
0.621577761
0.653045624
0.808525104
0.663506273
0.743827862
0.764664375
0.816587542
0.727745586
0.775265318
0.852161659
0.871011485
0.644326867
0.674585616
0.730885468
0.765048686
0.865244086
0.713421138
0.75404503
0.752777003
0.828740033
0.774002778
0.677512542
0.643360104
0.608233044
0.671463166
0.715110055
0.720706866
0.650782362
0.657663711
0.738433515
0.721421113
0.670715284
0.837881457
0.718517022
0.741387542
0.742358437
0.818812327
0.700655252
0.71501086
0.641260767
0.657077281
0.864520135
0.765428638
0.656127712
0.667244306
0.999999995
0.684217445
0.814824536
0.718808032
0.753530463
0.741031052
0.753246777
0.848752867
0.863662535
0.766453352
0.711415621
0.753781817
0.726876204
0.768508145
0.701556811
0.681014462
0.735770246
0.655755223
0.706387344
0.840653718
0.687738006
0.715061047
0.766045401
0.655316301
0.660432404
0.713822537
0.771062604
0.748381265
0.777868514
0.75284431
0.883073527
0.748421086
0.740776448
0.717255551
0.738814522
0.732640002
0.753855465
0.767038233
0.818051473
0.686640464
0.668082182
0.726732417
0.707741382
0.715171083
0.647702363
0.999999993
0.648242543
0.633216867
0.746722322
0.758320123
0.807353349
0.761014583
0.753855465
0.999999995
0.75758788
0.751870246
0.838547851
0.734640728
0.832444452
0.734568224
0.735528165
0.757541841
0.666440386
0.731674264
0.745513223
0.862482117
0.663606877
0.730558277
0.824072831
0.787383223
0.999999993
0.775650076
0.863080072
0.805026704
0.773110241
0.775881782
0.671857223
0.678280526
0.723272257
0.723876368
0.653786006
0.745386221
0.602082262
0.784136859
0.482134644
0.737616587
0.770462655
0.72804846
0.654380372
0.663686062
0.605027816
0.677537833
0.650254371
0.715110055
0.762418018
0.878487864
0.707223717
0.700758359
0.704348767
0.725543706
0.999999995
0.81108081
0.725876187
0.604145533
0.556825605
0.570054617
0.585665004
0.602254826
0.607216687
0.536544826
0.828661614
0.75403404
0.851570246
0.762084371
0.722742053
0.732464601
0.764777777
0.865244086
0.999999995
0.712170616
0.750223446
0.743320842
0.831806783
0.830045038
0.715311715
0.744270452
0.741187535
0.783228775
0.81108081
0.726802528
0.736346289
0.740880435
0.764665237
0.785636064
0.773673253
0.725876187
0.726802528
0.663527114
0.645803306
0.664167242
0.718036824
0.820640827
0.999999995
0.815303155
0.675457773
0.707063663
0.730158833
0.771385241
0.746404033
0.766111851
0.616611731
0.774632327
0.658800362
0.76645216
0.677830484
0.706448839
0.787624347
0.661201171
0.70847212
0.671223184
0.671638829
0.652581044
0.640366131
0.721278654
0.65006611
0.601621606
0.606782272
0.786436618
0.684845614
0.767038233
0.75758788
0.724834552
0.803600019
0.672845312
0.873133166
0.787001358
0.763731424
0.743020866
0.752411589
0.765041057
0.883073527
0.756216205
0.654836454
0.821105276
0.722822354
0.741646257
0.727082011
0.708476867
0.638067752
0.756365368
0.714708512
0.654127003
0.770554854
0.732687577
0.753475459
0.667112558
0.637560466
0.811802313
0.886568672
0.684217445
0.999999995
0.681803306
0.480448061
0.737616587
0.726746158
0.743132238
0.741135065
0.78518515
0.843185236
0.767176475
0.780046561
0.999999995
0.774732139
0.787101866
0.781182816
0.655631038
0.72834035
0.736561151
0.675041461
0.674887012
0.738433515
0.766017307
0.681416303
0.710860554
0.715455664
0.774732139
0.816381238
0.725042687
0.783083531
0.816587542
0.72014205
0.705740357
0.712281785
0.721421113
0.766017307
0.728537177
0.71851287
0.853238065
0.72611775
0.745102568
0.812713337
0.741027878
0.762666261
0.700827761
0.702132545
0.721515521
0.776625889
0.718778043
0.748112814
0.770486084
0.780226831
0.775762148
0.78550464
0.737780811
0.824518403
0.865287455
0.878364617
0.834387225
0.85480001
0.841321587
0.815454889
0.725030148
0.671151383
0.701544383
0.741031052
0.775402408
0.773218878
0.761581313
0.74105633
0.770554854
0.999999995
0.843106823
0.771664129
0.771152832
0.823731263
0.780126174
0.841063264
0.786525578
0.771881747
0.857345002
0.752055119
0.766526202
0.864431166
0.723102082
0.828742054
0.775363385
0.727871554
0.645837687
0.714523843
0.713400807
0.645477761
0.654668645
0.685577565
0.680200206
0.614851881
0.661858241
0.630122375
0.616611731
0.642211649
0.714568034
0.670000765
0.688602786
0.678724873
0.673626088
0.67788543
0.660432404
0.776730678
0.76881757
0.748601833
0.654533664
0.65826061
0.638235322
0.678262227
0.780475001
0.674120208
0.652831431
0.732505061
0.643018183
0.713421138
0.712170616
0.741162678
0.737756666
0.723680178
0.662088335
0.678846033
0.815275116
0.665623444
0.667633115
0.842725575
0.755544616
0.776786413
0.723876602
0.683211182
0.715144616
0.999999995
0.72430451
0.66265313
0.712148108
0.740043173
0.674177021
0.726177783
0.708268065
0.737418134
0.999999993
0.747272378
0.683453506
0.68735352
0.815275116
0.711010109
0.707852515
0.8386813
0.661807602
0.770043307
0.856643248
0.654077337
0.675856883
0.721685606
0.818765274
0.730643223
0.677306389
0.711313068
0.781388731
0.734632838
0.411617633
0.770462655
0.726746158
0.623264879
0.705625261
0.482822653
0.72804846
0.743132238
0.623264879
0.731232426
0.755511684
0.725501011
0.640052838
0.714817552
0.72430451
0.605604125
0.831583509
0.757685135
0.762736103
0.823731263
0.999999995
0.746268711
0.723347372
0.808745414
0.68258853
0.873133166
0.999999995
0.844415507
0.775650076
0.999999993
0.773305064
0.735122731
0.87734407
0.850765372
0.703870742
0.706042305
0.674114564
0.999999995
0.684512501
0.767882826
0.863080072
0.773305064
0.80111838
0.780802129
0.770006857
0.752117845
0.762848487
0.999999993
0.710302788
0.747001081
0.661054756
0.688020389
0.734280466
0.681687646
0.678748702
0.713771103
0.536544826
0.712680227
0.642572274
0.844071831
0.718423182
0.704327715
0.822802331
0.638488442
0.672565204
0.671134876
0.664184434
0.611858803
0.662122263
0.677738619
0.602082262
0.743886476
0.605015377
0.664163068
0.726732417
0.999999995
0.850860341
0.886101432
0.713552788
0.768177676
0.746726581
0.714756716
0.704347318
0.733050781
0.726561753
0.999999993
0.840825007
0.76881757
0.602188027
0.727861749
0.727332533
0.734624048
0.843858406
0.84833488
0.748421086
0.756216205
0.818505421
0.752450268
0.737643438
0.741082809
0.761405668
0.810888442
0.747218754
0.771547875
0.758517442
0.75404503
0.750223446
0.741162678
0.999999995
0.776377065
0.760187758
0.718036435
0.725311018
0.787101866
0.816381238
0.736614488
0.771826215
0.731342366
0.761541456
0.766642739
0.755474232
0.725016113
0.801071127
0.880012258
0.781182816
0.725042687
0.736614488
0.999999995
0.82721754
0.771636462
0.706520811
0.783535445
0.771885243
0.808422816
0.804607124
0.784350305
0.758417135
0.776115352
0.810006357
0.751063814
0.825500324
0.723630747
0.734568224
0.834703653
0.816188056
0.726713418
0.704663767
0.725102433
0.737780811
0.999999993
0.76224708
0.754211234
0.755547686
0.758417135
0.787807169
0.80036427
0.736373061
0.752777003
0.743320842
0.737756666
0.776377065
0.73416114
0.816012878
0.774815745
0.8281764
0.776115352
0.787807169
0.746640525
0.756805856
0.83711527
0.766642739
0.817244134
0.777604886
0.841063264
0.755502643
0.747650723
0.685300775
0.728825581
0.705116143
0.800017314
0.741485528
0.700655252
0.870832243
0.744534735
0.810166365
0.710302788
0.999999995
0.781282545
0.721404251
0.748601833
0.602188027
0.7313238
0.786620002
0.766180554
0.82077645
0.613862437
0.766811182
0.648242543
0.615410853
0.736458163
0.805026704
0.735122731
0.80111838
0.999999995
0.731364815
0.725461442
0.667701302
0.738773326
0.816377244
0.723732276
0.740752159
0.999999995
0.618875712
0.75122863
0.710087427
0.715183834
0.751403188
0.703881537
0.710136811
0.618718603
0.705078582
0.70382667
0.763813026
0.721170652
0.723786423
0.688173345
0.772588276
0.778133376
0.800407551
0.778170637
0.75431844
0.852670413
0.715575247
0.747218754
0.781125029
0.784833514
0.822070657
0.745584706
0.815267482
0.784400161
0.815454889
0.65081631
0.768426419
0.856643248
0.646147544
0.686154625
0.776600879
0.83533481
0.763462433
0.832152162
0.838353574
0.745051727
0.812736032
0.682385328
0.727406144
0.677306389
0.708652882
0.700637044
0.788137547
0.774052034
0.665623444
0.711010109
0.999999993
0.763806613
0.677528167
0.765116548
0.736152809
0.766843753
0.711313068
0.708652882
0.734445464
0.725357374
0.66238105
0.716833445
0.688511274
0.778140224
0.840064731
0.771164775
0.834552721
0.850736543
0.999999995
0.808671527
0.763142724
0.726474875
0.667633115
0.707852515
0.763806613
0.634333683
0.700260754
0.684606618
0.607401512
0.788778748
0.82800304
0.999999995
0.751552322
0.76300162
0.774164823
0.877113236
0.608231236
0.757456753
0.742142813
0.787686244
0.775088715
0.733478077
0.686676064
0.701531437
0.714287427
0.710623703
0.618875712
0.672100256
0.705076311
0.724583869
0.844003225
0.847016652
0.747001081
0.781282545
0.776017861
0.810105684
0.725556565
0.764411587
0.751634323
0.647764204
0.722503854
0.865436754
0.830556229
0.662433315
0.708476867
0.650817037
0.737785285
0.735263348
0.862340503
0.713565564
0.723176579
0.820355282
0.743087533
0.827863234
0.774632327
0.642211649
0.786525578
0.755502643
0.812745507
0.763703375
0.621007004
0.762851677
0.753246777
0.775402408
0.741061837
0.747785585
0.781513241
0.755474232
0.817244134
0.999999995
0.836221148
0.814135288
0.770526533
0.811613766
0.715101437
0.721107665
0.784780751
0.725016113
0.777604886
0.836221148
0.843077319
0.876322856
0.670715284
0.681416303
0.728537177
0.771548318
0.727745586
0.72014205
0.785653344
0.762803347
0.831246171
0.736103307
0.735528165
0.834703653
0.83737605
0.786861151
0.674120225
0.748883579
0.788630386
0.653335878
0.628816484
0.735625227
0.777071241
0.818256746
0.713715641
0.812713337
0.715707227
0.733561523
0.756763576
0.747051767
0.755386074
0.783807683
0.776755838
0.751552322
0.811251583
0.623484575
0.706416084
0.708661724
0.641504076
0.653335878
0.780623013
0.762453121
0.760775245
0.725478732
0.783535445
0.999999995
0.828882558
0.718434446
0.806763073
0.737437656
0.781388731
0.700637044
0.734445464
0.999999995
0.670420806
0.621577761
0.842725575
0.8386813
0.677528167
0.634333683
0.999999995
0.741412163
0.782812789
0.764727722
0.815757482
0.723786423
0.783007733
0.756864437
0.738306021
0.716585216
0.721840243
0.811334064
0.744502732
0.827786474
0.725746744
0.800271431
0.801045543
0.741744474
0.78402071
0.688173345
0.783007733
0.999999995
0.735220811
0.740533034
0.750103152
0.786226028
0.737205481
0.820438254
0.743271084
0.725746744
0.820318222
0.773110241
0.87734407
0.780802129
0.731364815
0.85432206
0.750806646
0.725507506
0.828740033
0.831806783
0.723680178
0.760187758
0.73416114
0.743644757
0.750324103
0.770803505
0.753463871
0.741553833
0.752857055
0.770486084
0.681516631
0.6537328
0.641135387
0.655322805
0.640572311
0.720706866
0.762418018
0.826818834
0.71383701
0.654077337
0.646147544
0.6548347
0.751050126
0.80086606
0.756706652
0.688511274
0.755008316
0.656614027
0.655107237
0.702070062
0.666403164
0.654668645
0.643360652
0.653503369
0.651562185
0.675112042
0.783506725
0.815303155
0.687610244
0.741404336
0.640035827
0.730617189
0.705063088
0.74785414
0.66265313
0.605604125
0.844466342
0.775881782
0.850765372
0.770006857
0.725461442
0.85432206
0.688286511
0.624622244
0.677356668
0.662147712
0.70418756
0.638067752
0.650817037
0.784470774
0.758587544
0.724347214
0.806331844
0.804566178
0.820840265
0.868155653
0.845041507
0.882532786
0.686734253
0.76318373
0.722584872
0.784401383
0.722742053
0.702188736
0.752074708
0.800265385
0.684512501
0.858507877
0.751555637
0.787723346
0.830674866
0.751634323
0.999999995
0.724338335
0.736271129
0.766180554
0.999999995
0.74642644
0.744243001
0.730551133
0.771885243
0.828882558
0.820657827
0.743131464
0.614216574
0.702885103
0.717447733
0.838181463
0.741808429
0.764140128
0.762670562
0.766007001
0.838360405
0.764130308
0.76300162
0.811251583
0.756333021
0.784745452
0.842120782
0.771387544
0.772588276
0.756864437
0.735220811
0.661208102
0.705451232
0.710072085
0.865667156
0.741027878
0.715707227
0.815831232
0.802803557
0.776017045
0.88376671
0.746837086
0.757541841
0.816188056
0.83737605
0.7282404
0.685470481
0.733086281
0.667372441
0.625716435
0.617832587
0.74640632
0.652560858
0.606838813
0.628816484
0.780623013
0.672723367
0.748506679
0.73321456
0.820346418
0.762666261
0.733561523
0.815831232
0.64874756
0.662214462
0.642231068
0.606033588
0.625716435
0.999999995
0.735600482
0.740235411
0.711008034
0.676034735
0.777684853
0.785057255
0.655755223
0.735514044
0.750163166
0.778132288
0.776458707
0.830186739
0.774111349
0.84205817
0.802800838
0.833032339
0.821643424
0.882532786
0.717265436
0.621806552
0.667660771
0.766273165
0.733274477
0.675457773
0.687610244
0.720261825
0.771701337
0.703738601
0.762087853
0.743161218
0.715010847
0.870832267
0.820218106
0.754757204
0.835277512
0.721323
0.768125085
0.683644863
0.747350012
0.736438128
0.787685244
0.718616056
0.748714525
0.732757318
0.7352675
0.728771719
0.738535466
0.828422685
0.747272323
0.868368822
0.730880677
0.72033207
0.707256548
0.84886652
0.76004438
0.753141367
0.766453486
0.745047361
0.771725626
0.714802266
0.764685874
0.747631332
0.775088688
0.718616056
0.761404808
0.861667846
0.742776507
0.780126206
0.746268757
0.701860026
0.674262718
0.711414343
0.745047361
0.700335478
0.676282248
0.675857025
0.68615476
0.654834807
0.80622547
0.787475788
0.67351581
0.740613187
0.665445613
0.741101068
0.652832802
0.821022731
0.758787546
0.823612335
0.78413101
0.776506157
0.745051827
0.808671534
0.577518739
0.63256625
0.575325316
0.633216284
0.61541061
0.771881634
0.747650714
0.812745525
0.738182241
0.762103376
0.785124187
0.788784289
0.818888523
0.816285085
0.842058186
0.999999995
0.83333526
0.776836859
0.811614256
0.999999995
0.75836263
0.754757204
0.741180365
0.866706235
0.835277512
0.741180365
0.727338838
0.675073264
0.686072068
0.646731708
0.611445311
0.708536151
0.652237701