0.61825333
0.60674375
0.62585418
0.58352281
0.59524529
0.57313664
0.63330621
0.62232818
0.6613589
0.65398146
0.63048018
0.56008181
0.62967488
0.59820328
0.6450227
0.6180201
0.607969
0.59429381
0.61262115
0.62112672
0.56361927
0.57236145
0.57814406
0.54511682
0.546511
0.56898578
0.55512149
0.55079921
0.78331452
0.75376461
0.79139693
0.70214566
0.50876773
0.49469623
0.49261164
0.51755896
0.49253053
0.48908334
0.52428493
0.52656299
0.50111363
0.50153165
0.52457573
0.52873036
0.49704309
0.51293302
0.49353118
0.68327437
0.67765959
0.67913138
0.70490063
0.67263727
0.72516836
0.71251864
0.72888068
0.69565767
0.72341748
0.68615704
0.71259984
0.70167571
0.72293585
0.78098736
0.69972019
0.7161961
0.71913846
0.52368052
0.53967773
0.55450587
0.53789859
0.57165126
0.54669321
0.51309113
0.47287054
0.47747774
0.47741754
0.59839766
0.66488317
0.62559025
0.64261189
0.65493704
0.64362411
0.64997171
0.63065493
0.71870828
0.70080665
0.66719679
0.6584725
0.68832063
0.80804565
0.80425518
0.73271528
0.51307708
0.51146926
0.5081974
0.51566158
0.66967785
0.67392172
0.64675394
0.67617269
0.66374553
0.657579
0.671808
0.50705119
0.47844032
0.48765
0.49415581
0.55762536
0.56739492
0.55128083
0.54081772
0.54861544
0.56257427
0.54878834
0.67008672
0.69968554
0.71554122
0.70329719
0.73535101
0.73774915
0.7250753
0.74778208
0.70931041
0.72687994
0.71516163
0.68735034
0.72248245
0.70073777
0.7194974
0.71355436
0.54261218
0.56848722
0.55391945
0.55076369
0.52786028
0.58428776
0.48095232
0.46483533
0.44963998
0.44108649
0.47647191
0.46554442
0.76329668
0.68607657
0.69831964
0.69567934
0.5073119
0.51005501
0.49745976
0.50784378
0.74489142
0.74975179
0.75698433
0.75859786
0.61640409
0.56755403
0.58156529
0.63650302
0.52890338
0.527004
0.50673063
0.52391604
0.52618942
0.52153429
0.53278035
0.51956858
0.50975295
0.69268334
0.69594651
0.69494682
0.69844815
0.70850585
0.55691025
0.58857083
0.54998432
0.54584584
0.58156629
0.51107459
0.5896804
0.54096812
0.69540861
0.7074889
0.78687482
0.67237049
0.70855226
0.5093096
0.5173038
0.50808104
0.49686289
0.74692166
0.73496681
0.74654821
0.68417923
0.65640749
0.6486356
0.68511726
0.74373568
0.67766477
0.68653799
0.75578415
0.64426617
0.70113262
0.70757579
0.65460184
0.70484124
0.7284043
0.56113593
0.55456479
0.53832045
0.52209773
0.53122953
0.52720068
0.55250697
0.52481347
0.62101657
0.57606136
0.60687199
0.69753146
0.75496095
0.75088788
0.7241716
0.76951508
0.73747371
0.70792675
0.75670543
0.69471464
0.68785122
0.69097862
0.66440908
0.64125799
0.62152046
0.62916652
0.66046985
0.60400077
0.61617595
0.60371953
0.65014142
0.64199122
0.61949037
0.67309677
0.69007807
0.66859011
0.66352721
0.69640289
0.71997162
0.71578324
0.6997381
0.72331568
0.71302939
0.71069141
0.64808379
0.71986474
0.47567026
0.45333793
0.44662907
0.480044
0.48789605
0.44340121
0.72828022
0.73491073
0.7107849
0.73909785
0.7155522
0.69292402
0.6590175
0.57754439
0.6239696
0.62938198
0.63020284
0.69706611
0.65722499
0.64621816
0.66487159
0.5419736
0.54138511
0.57588606
0.55738157
0.53124208
0.67588294
0.63014857
0.68238281
0.68703756
0.64291016
0.6480244
0.69803693
0.61693011
0.56962622
0.56925503
0.58001313
0.55869448
0.74593369
0.69192759
0.6656714
0.74271298
0.66973137
0.67250382
0.6390931
0.66539569
0.70022124
0.70195759
0.71789316
0.6791864
0.73300115
0.65320687
0.66683294
0.62968351
0.59625297
0.65923947
0.64349654
0.63734371
0.65109319
0.53540351
0.52299956
0.53850207
0.53195486
0.58374539
0.57377745
0.62418198
0.59488886
0.62347426
0.60366772
0.58777783
0.68929909
0.68595883
0.69135805
0.67986558
0.68215278
0.68942588
0.69106552
0.76243729
0.6820799
0.69795545
0.71706148
0.76180811
0.62042989
0.63109474
0.55809033
0.56794954
0.55558689
0.55894276
0.51559654
0.54602239
0.53380344
0.54595515
0.53761129
0.52976906
0.52506074
0.54181598
0.68017892
0.65600717
0.63338831
0.6468303
0.68092751
0.6970285
0.64131817
0.62547395
0.58001898
0.59536173
0.67631548
0.66642954
0.71314082
0.6766728
0.66298675
0.47853482
0.49369506
0.48499859
0.46865698
0.48020239
0.7450889
0.71702365
0.73411936
0.7469897
0.73011828
0.74016454
0.60144899
0.59583322
0.60782555
0.61108696
0.66519977
0.65679725
0.67253602
0.69896302
0.65821604
0.60114227
0.64151144
0.60784884
0.59384009
0.6205884
0.6071325
0.59065342
0.5949503
0.58958717
0.75328174
0.66313607
0.75302512
0.74284792
0.66636403
0.64392766
0.64359565
0.6185493
0.49562534
0.47714735
0.5020547
0.49104398
0.49956296
0.49210105
0.66136677
0.73150833
0.71390293
0.69581409
0.66571031
0.638445
0.63803363
0.66379529
0.69616961
0.68418521
0.72342126
0.69792271
0.59536186
0.61919277
0.53811993
0.58785285
0.58866342
0.59411244
0.5425425
0.59515906
0.52657254
0.50758819
0.5177722
0.54206321
0.51772991
0.51827704
0.49760998
0.52762113
0.49427155
0.49370185
0.50426904
0.48949788
0.49625501
0.4882469
0.55300429
0.5380862
0.5353518
0.53326483
0.56794922
0.55770596
0.54656983
0.53008841
0.57844689
0.5302758
0.53572429
0.56235654
0.58460721
0.58475622
0.54663184
0.57111843
0.7229311
0.48809459
0.69182429
0.6361842
0.66428269
0.63827604
0.56393402
0.58527851
0.55026474
0.57681442
0.7261155
0.62412144
0.64572404
0.74030935
0.72067033
0.74244386
0.73547542
0.74809388
0.75778149
0.62514267
0.6289537
0.60665479
0.63244303
0.63582693
0.61120141
0.62740617
0.64706451
0.50417471
0.49857802
0.4977791
0.48192392
0.49433115
0.4966911
0.49082009
0.49895058
0.49473102
0.49297139
0.51945766
0.50676903
0.50003496
0.51276818
0.71602873
0.76514073
0.68459154
0.67531395
0.68607716
0.71048543
0.74910142
0.70841362
0.72797704
0.73619374
0.72359428
0.74204485
0.69582262
0.69856023
0.68986111
0.69608051
0.68338848
0.63789256
0.70176563
0.70872937
0.68737193
0.68973298
0.68635247
0.56335526
0.5552709
0.55789972
0.54261023
0.57233435
0.56230884
0.53690203
0.53714869
0.53112827
0.55671808
0.5367994
0.5453208
0.72333329
0.66914243
0.72527428
0.6703891
0.74061538
0.65587515
0.60108635
0.57819554
0.58822837
0.57531443
0.58693729
0.69783558
0.66215674
0.77197614
0.76284364
0.70952505
0.74367615
0.69841506
0.77277799
0.78051313
0.63495129
0.66565426
0.68516031
0.76032671
0.55747901
0.56304626
0.54971368
0.56267329
0.56063593
0.5635496
0.56187135
0.5620644
0.69904373
0.69392874
0.67431482
0.73717544
0.6949145
0.75703547
0.72559193
0.66359792
0.69478035
0.69726304
0.70899115
0.7137328
0.67408791
0.67694546
0.66781981
0.68068076
0.50615424
0.48260456
0.50628532
0.49388271
0.49941442
0.50927376
0.48920562
0.50020242
0.49255093
0.52204191
0.5019812
0.51620345
0.67874233
0.68633409
0.67558148
0.6703937
0.62697656
0.65164179
0.6912105
0.68925285
0.61269651
0.65251551
0.6749885
0.65173166
0.64091846
0.62595571
0.60456544
0.66727697
0.75150968
0.76619563
0.77980336
0.70557658