0.451968636
0.512165849
0.464369154
0.471463889
0.528753211
0.50455785
0.484369247
0.45114519
0.506546996
0.456805104
0.504227612
0.611941937
0.490025633
0.48183121
0.505635667
0.51217504
0.421376493
0.475271655
0.495819619
0.46450954
0.487414296
0.509547985
0.500938393
0.519435015
0.516656079
0.496040008
0.522426469
0.486168424
0.472461399
0.489048858
0.444980939
0.487654698
0.506107923
0.488555875
0.481605043
0.572992925
0.474881593
0.460881912
0.462665149
0.466224745
0.493964214
0.465527812
0.464049133
0.489824385
0.490374839
0.518229975
0.484347038
0.518080853
0.530582269
0.500473204
0.505864763
0.468494216
0.50474697
0.448372627
0.509024821
0.483379167
0.486863639
0.470156204
0.48840758
0.525389415
0.432294241
0.445806453
0.543882037
0.480550269
0.522512543
0.498805497
0.526977659
0.422114713
0.468790876
0.485433494
0.500841324
0.473605025
0.529746651
0.493123552
0.487722677
0.45064952
0.513632419
0.568342797
0.500250475
0.495245758
0.501636772
0.529141315
0.43475548
0.487646131
0.507333975
0.489908113
0.455141255
0.467137348
0.497257298
0.458674159
0.503434379
0.499546618
0.505892852
0.496111972
0.469468353
0.515548208
0.475401435
0.491125127
0.469620636
0.475051012
0.493458015
0.473083
0.482965861
0.511238415
0.543485247
0.457523653
0.456847154
0.502276048
0.482704029
0.472497442
0.553813933
0.496599652
0.458458523
0.447705867
0.46608381
0.547183864
0.458534969
0.430525842
0.525964311
0.542570894
0.503708236
0.47813357
0.533903309
0.503615516
0.516843605
0.489788733
0.441869232
0.506260635
0.452509479
0.473445583
0.556991507
0.483981424
0.489073323
0.461235193
0.500823213
0.491518712
0.501810074
0.524033029
0.489799096
0.498869512
0.513282628
0.473228698
0.468697158
0.499572892
0.45288972
0.472236942
0.486540622
0.519464741
0.467119966
0.450415561
0.472254531
0.521795852
0.479766129
0.47692122
0.478123016
0.501562146
0.479682399
0.455166614
0.474683584
0.467288031
0.490509768
0.488199559
0.504428993
0.489691704
0.45350924
0.469471351
0.487802881
0.48922177
0.499273525
0.45996726
0.501795406
0.486757271
0.477143328
0.504618307
0.485878737
0.480781045
0.479529326
0.539237452
0.500960696
0.556863831
0.553470839
0.460175351
0.488007233
0.475481303
0.460711505
0.484964107
0.546254181
0.518813287
0.470663587
0.511802625
0.492930227
0.462427227
0.517738303
0.502695788
0.502194694
0.455079897
0.490696914
0.562456346
0.458851008
0.493622515
0.496796272
0.492290131
0.417166974
0.481860338
0.472272527
0.510789537
0.480102373
0.543726355
0.462984012
0.46212383
0.466786388
0.500507055
0.480063725
0.505697666
0.497158654
0.481889193
0.525863351
0.462460759
0.516800185
0.520515515
0.491063001
0.506010672
0.510911567
0.461886395
0.465060731
0.486065923
0.50525364
0.469255075
0.490666921
0.521039837
0.488914774
0.511898428
0.457109866
0.459811832
0.48463651
0.461664734
0.480002561
0.477745065
0.448014969
0.455147288
0.475511782
0.474857591
0.510343578
0.446507773
0.465027721
0.484158953
0.46609371
0.446742342
0.504595041
0.47663184
0.492936934
0.474469849
0.516023093
0.464098386
0.497151304
0.488974339
0.524573781
0.474858309
0.440256118
0.470578132
0.49744854
0.449343932
0.470714391
0.455833628
0.48926917
0.470672098
0.522542211
0.534747724
0.477073447
0.496773181
0.505886425
0.470920463
0.46939022
0.472509238
0.511872296
0.533143897
0.513797166
0.484655347
0.459973803
0.464086009
0.483251145
0.51920958
0.51791392
0.487131092
0.490570371
0.501707869
0.455721595
0.468821248
0.704100762
0.48413827
0.534676006
0.474465252
0.493731231
0.467546611
0.4531363
0.524714759
0.487493791
0.47593335
0.455811001
0.500188307
0.53750415
0.5125191
0.456037271
0.50637936
0.514435077
0.503687718
0.506396892
0.504835405
0.489369438
0.531652003
0.490861011
0.473549019
0.433373096
0.463001134
0.466966079
0.4608628
0.512870498
0.465427967
0.466231204
0.4822744
0.486153223
0.500212888
0.449806215
0.480098649
0.467085399
0.494152841
0.513210026
0.503925199
0.492839442
0.507808104
0.492602709
0.480351298
0.49418851
0.524643213
0.555819101
0.494547855
0.496118693
0.480530725
0.501167762
0.467078368
0.495251979
0.47338359
0.472704967
0.50805437
0.512220759
0.486566069
0.535757251
0.475361545
0.444754679
0.50494482
0.514319144
0.468384123
0.451596937
0.44955328
0.481285937
0.462265531
0.495098688
0.533144953
0.439159145
0.477228138
0.452829479
0.474560742
0.443316383
0.544663418
0.55240469
0.501603375
0.482938727
0.451554012
0.491764983
0.469158233
0.48269967
0.541942547
0.490878308
0.456624182
0.469552102
0.482264894
0.516413404
0.518091401
0.525235593
0.475726206
0.47042501
0.475141127
0.467054916
0.471519322
0.516455939
0.467752671
0.504100933
0.484942246
0.502918318
0.47795113
0.473017619
0.527922025
0.508151882
0.449990804
0.483931753
0.52196227
0.47645608
0.463482063
0.468683274
0.505700911
0.499878122
0.480727779
0.491099937
0.470711288
0.462207699
0.457161026
0.454730278
0.511591334
0.517565673
0.48718842
0.483405745
0.503305988
0.457503338
0.48832586
0.484586167
0.495399168
0.532942054
0.494360647
0.498560452
0.441919641
0.463213621
0.452182776
0.534268276
0.488974738
0.559775158
0.518180958
0.479278656
0.466924722
0.505321249
0.471627064
0.489680122
0.489779098
0.507466403
0.485162103
0.546050906
0.488890481
0.480522528
0.483973922
0.518764234
0.543524361
0.515106815
0.519302087
0.482322105
0.551737193
0.495597544
0.468144792
0.457293783
0.452775552
0.476175443
0.4843445
0.481061566
0.486257243
0.476224502
0.450323753
0.486610886
0.49422701
0.452911349
0.461313891
0.492002978
0.461870391
0.538593347
0.538887856
0.489565552
0.517247893
0.458898121
0.488534821
0.501539976
0.481478121
0.490480562
0.465086249
0.489243293
0.484993541
0.490717924
0.4904216
0.451553033
0.486950479
0.626561495
0.497538451
0.476611197
0.474529774
0.473048978
0.486091471
0.519514023
0.454300049
0.474970848
0.552651279
0.480967404
0.499178493
0.517018791
0.487786276
0.466699138
0.443714488
0.547305069
0.47875906
0.496603581
0.455837065
0.495391844
0.512471814
0.45662803
0.523234233
0.537496932
0.508248096
0.447048612
0.478106819
0.469956552
0.495689365
0.47803997
0.523659951
0.489543671
0.468389621
0.454915445
0.488206599
0.489219034
0.537550845
0.443216362
0.476320006
0.468481907
0.460247452
0.526512082
0.506351908
0.514741644
0.541529541
0.531293726
0.508156163
0.502118376
0.508598748
0.454607061
0.501308634
0.50347478
0.503585683
0.507119582
0.480484036
0.494157237
0.496333942
0.517667483
0.464993874
0.49087241
0.540243126
0.41831245
0.49547158
0.482973433
0.475276514
0.501571823
0.49297502
0.558532933
0.5026051
0.493929374
0.467971007
0.523236451
0.48343079
0.503241553
0.435910547
0.475384383
0.491547229
0.507551046
0.480089423
0.527506068
0.523202434
0.460255595
0.496998217
0.534462533
0.447683418
0.487714874
0.502396201
0.479698851
0.500655209
0.499334196
0.50664853
0.477494712
0.470446053
0.465287701
0.458808753
0.482353116
0.510037322
0.494636406
0.520234992
0.53835699
0.48754917
0.513005223
0.478866636
0.4636284
0.513675717
0.471918739
0.483317735
0.488948576
0.531168139
0.423685457
0.49347522
0.517418745
0.459342854
0.508656922
0.500778082
0.545472079
0.502455787
0.510502952
0.477027459
0.486893187
0.473226641
0.48817437
0.508103868
0.494554463
0.469044953
0.486827666
0.448707307
0.468519915
0.505913797
0.650120286
0.490022846
0.488867899
0.519168948
0.466664103
0.508247238
0.46338333
0.512569156
0.445091554
0.514633062
0.476696294
0.481159043
0.510701533
0.502953934
0.525603548
0.462906646
0.490395581
0.458793754
0.546567864
0.479242358
0.486684993
0.509481931
0.437911661
0.492364638
0.463180534
0.511827755
0.526391413
0.454240675
0.475332675
0.524509825
0.4914957
0.433822796
0.441105636
0.480031144
0.471023689
0.484657698
0.479794199
0.488180994
0.468523797
0.717250369
0.490355923
0.446582905
0.501329437
0.462509146
0.480777111
0.439505434
0.723129268
0.471439735
0.498395893
0.504593853
0.48183699
0.460635399
0.484775149
0.486999433
0.464055916
0.450561155
0.493288722
0.482439944
0.515114023
0.527761331
0.446536946
0.457421163
0.463946651
0.497962192
0.441572491
0.517065766
0.56637862
0.50633882
0.4883801
0.498079192
0.496659914
0.519436438
0.422217306
0.497401244
0.498491197
0.473344957
0.517439386
0.472145131
0.497005645
0.50192962
0.474388588
0.493890404
0.498330281
0.569700454
0.505020164
0.446032718
0.513950579
0.49554472
0.494326671
0.503139562
0.541447473
0.499456515
0.484817845
0.506662456
0.475861316
0.505056829
0.486782171
0.490056964
0.51136955
0.485026179
0.55225024
0.500630043
0.513922898
0.533659027
0.510654622
0.495907884
0.467888488
0.503792529
0.495852619
0.497340875
0.440047212
0.460400968
0.498862295
0.498155066
0.512043015
0.508130355
0.469767899
0.51429443
0.452122775
0.48458958
0.503617741
0.489621517
0.468138099
0.537379887
0.515816984
0.508393696
0.464600151
0.488650173
0.507726693
0.524699609
0.512671566
0.471709549
0.504087439
0.491979675
0.514519577
0.448783949
0.51408678
0.488598142
0.520628965
0.49074067
0.516996631
0.487584783
0.459407452
0.473441538
0.495792791
0.509942545
0.537462711
0.460803191
0.49059533
0.46643432
0.491156294
0.486804514
0.470853033
0.536732666
0.497970587
0.471145714
0.532799036
0.462884387
0.513185092
0.476128028
0.524817211
0.505088814
0.473858963
0.498672496
0.535755755
0.517252541
0.451177286
0.463645976
0.490605638
0.452776997
0.494949583
0.500875522
0.458031293
0.43419802
0.521060141
0.450755013
0.491413952
0.483855296
0.504628699
0.538268418
0.478232759
0.483213108
0.495741695
0.479125513
0.492657904
0.487039795
0.474377846
0.466915857
0.496933584
0.484205295
0.510800308
0.484163719
0.521968056
0.462247527
0.526269992
0.499203651
0.480962288
0.51296834
0.461752354
0.490508471
0.4891016
0.510284562
0.509941673
0.433806896
0.514370703
0.504547798
0.499209028
0.515942313
0.501012262
0.490118625
0.499735763
0.517612039
0.483977848
0.479990987
0.45224941
0.480769162
0.49476654
0.486656188
0.506039461
0.475233749
0.445856329
0.537099471
0.486060396
0.443389021
0.490275885
0.529052525
0.478290739
0.459408183
0.510378887
0.518643103
0.496767357
0.49913268
0.497408761
0.463860127
0.441307312
0.454562249
0.54070503
0.439691607
0.478589793
0.527093083
0.512134111
0.441392475
0.476778385
0.466855874
0.497816209
0.45944287
0.531022766
0.482654857
0.476586392
0.47150115
0.434921718
0.532420461
0.469682012
0.48391944
0.512706391
0.494374909
0.48418391
0.483847044
0.495651716
0.465723171
0.517220006
0.542000426
0.491851515
0.505897127
0.497754066
0.453221035
0.527986192
0.485228291
0.479143945
0.513571742
0.52122869
0.479715655
0.491748928
0.481326559
0.474254285
0.48290135
0.486566837
0.492641496
0.490965519
0.467991171
0.511286151
0.526488568
0.461209723
0.46981404
0.507299625
0.498271345
0.467062987
0.479580396
0.468048903
0.47808277
0.507525959
0.518901714
0.483620143
0.459432959
0.44769652
0.522318181
0.468649652
0.506984709
0.542327716
0.532667773
0.485304295
0.452917198
0.484489507
0.477246432
0.462031673
0.534475911
0.473966265
0.483806617
0.495747264
0.499083075
0.517602473
0.472941576
0.508126284
0.484345258
0.477341484
0.474127094
0.507015993
0.498485639
0.462868238
0.517291315
0.524411642
0.515983391
0.481805405
0.472567456
0.483709458
0.456089504
0.486067921
0.476674154
0.492978705
0.449764895
0.521558853
0.500732187
0.516475393
0.507103277
0.465046714
0.532574113
0.508293766
0.503910014
0.472887236
0.505090327
0.440650631
0.508257075
0.472449949
0.496698059
0.520421695
0.484623421
0.517752031
0.496554761
0.470301039
0.453109908
0.503477073
0.4720072
0.507609939
0.522892547
0.492348312
0.42959811
0.509303413
0.480800179
0.517143783
0.516148442
0.505075127
0.498052525
0.476789183
0.487690318
0.514374242
0.46665598
0.493672397
0.499990951
0.524223976
0.490816682
0.457100457
0.49328185
0.438370915
0.446701226
0.505566
0.477193169
0.509307772
0.46387673
0.468218979
0.497672738
0.50285598
0.528418505
0.477158351
0.487774476
0.503396454
0.553828937
0.516161148
0.482233005
0.515895781
0.508698236
0.468873016
0.500908471
0.490709981
0.544894747
0.471927215
0.488483153
0.476060787
0.520897768
0.504136076
0.452019202
0.518391472
0.528553871
0.492259433
0.498228099
0.491802353
0.502515172
0.4480346
0.467902783
0.510700035
0.487302143
0.467645885
0.500390765
0.496934371
0.501028456
0.478655212
0.474011454
0.526000659
0.467150533
0.477174679
0.495474536
0.521693461
0.494478821
0.4906916
0.515246479
0.477742234
0.449723369
0.479798587
0.488996669
0.47107121
0.479743753
0.494643997
0.522157414
0.487334604
0.489728029
0.509444293
0.477512446
0.451115985
0.463796792
0.453997948
0.472864491
0.485925711
0.524901633
0.459640005
0.501355459
0.48238658
0.470691107
0.495611607
0.482531962
0.478835369
0.546106694
0.502377067
0.456265248
0.460483055
0.429778526
0.497750655
0.49871512
0.506498546
0.454223519
0.49792415
0.458977469
0.507755137
0.44659126
0.45376902
0.550276307
0.526741515
0.485553711
0.463305407
0.458985602
0.480359719
0.492962852
0.505910409
0.477594469
0.487661384
0.479944446
0.486722519
0.521433521
0.534779084
0.458172187
0.454266031
0.525291326
0.509533115
0.474898535
0.504297416
0.501844896
0.456738482
0.497311962
0.498104199
0.46377981
0.487378024
0.481053727
0.506082729
0.509665225
0.479204035
0.518350391
0.510485197
0.461420771
0.480771333
0.457718974
0.503612476
0.469775677
0.497508512
0.482239092
0.466773265
0.511261843
0.45140643
0.46183268
0.471165087
0.484241895
0.47004052
0.484233438
0.52591842
0.464100983
0.471560691
0.490716348
0.46667775
0.533850368
0.547418542
0.500215646
0.47311208
0.456381855
0.477084459
0.511948258
0.505164747
0.560606869
0.507319153
0.497923245
0.461672259
0.539153439
0.519972821
0.530406762
0.45784235
0.454623835
0.501653852
0.488570333
0.460624234
0.482606285
0.443689965
0.466625403
0.537492131
0.510981981
0.487652085
0.469885506
0.4532024
0.502702876
0.511872928
0.512112051
0.535794791
0.473944564
0.4768401
0.47532362
0.481011531
0.49181204
0.462972528
0.4921049
0.512133148
0.468394612
0.462175188
0.522202122
0.490488972
0.504574535
0.481151977
0.52793636
0.49483787
0.473394306
0.462287539
0.5068482
0.501316155
0.465894157
0.504935451
0.503749799
0.490869684
0.441846899
0.484227527
0.433224445
0.490045513
0.506278199
0.532039168
0.461058918
0.473952101
0.464455247
0.477359468
0.464210327
0.466990309
0.497553427
0.497864201
0.479487329
0.447154882
0.482443807
0.48388948
0.46868389
0.514929934
0.510517242
0.477156855
0.480672416
0.487722019
0.443725528
0.50274387
0.495201703
0.519558814
0.464057254
0.512349213
0.467192193
0.496700089
0.469176609
0.500059222
0.511755995
0.524419568
0.484193487
0.491990882
0.452132423
0.455184588
0.505947826
0.495651035
0.469582167
0.453508368
0.530892463
0.479606969
0.494260994
0.499002123
0.502985995
0.447662017
0.483427306
0.721312399
0.502100718
0.497494412
0.425986521
0.500783338
0.533283068
0.498339656
0.50777795
0.493806265
0.47778402
0.490711971
0.464640892
0.522029686
0.510297545
0.47526385
0.482362135
0.476577529
0.517104902
0.544161597
0.505347183
0.522426736
0.506102315
0.510268031
0.486514392
0.484431932
0.494091478
0.475720902
0.479444634
0.51785176
0.462997749
0.480106646
0.46083374
0.49283086
0.464103992
0.533742056
0.453653954
0.491060825
0.509325691
0.507398488
0.492928669
0.459479175
0.48326739
0.505464945
0.458832423
0.510633533
0.494704501
0.554899182
0.475724835
0.504660525
0.535801368
0.455413809
0.537000291
0.512004562
0.495901794
0.48333985
0.48566288
0.500964224
0.475754821
0.480542218
0.474928792
0.484145533
0.514829134
0.504100434
0.487553795
0.471855586
0.495516688
0.482691683
0.504948631
0.529876517
0.53246783
0.478359157
0.490541074
0.51893428
0.498605529
0.484857533
0.485800013
0.488133433
0.443064107
0.494620812
0.499973994
0.482406394
0.543926834
0.473978716
0.470968834
0.42729461
0.481851472
0.447644987
0.477922527
0.496274123
0.5095803
0.472266945
0.455999344
0.509436536
0.481082297
0.476932
0.499156915
0.471097198
0.536918464
0.514487836
0.483953087
0.516081379
0.499769524
0.504608546
0.53080723
0.515519226
0.458764938
0.474171402
0.471436275
0.526631384
0.526194861
0.493975061
0.524667673
0.524992704
0.485505174
0.486871462
0.488474675
0.478318631
0.495324258
0.476048811
0.465106963
0.520799357
0.467222166
0.445817656
0.463353973
0.469949603
0.487541646
0.507522886
0.525500571
0.489458515
0.460303792
0.493451424
0.512130424
0.516657615
0.520522765
0.484284883
0.523063001
0.478312491
0.494579602
0.487152144
0.485153385
0.501184166
0.482471565
0.479818064
0.457506779
0.503239944
0.461215397
0.491324165
0.498600287
0.528198038
0.554799044
0.527930564
0.507581643
0.485875541
0.448374297
0.506974595
0.446323666
0.484373014
0.518375959
0.54427211
0.485012167
0.429549215
0.504966603
0.486894595
0.480660709
0.461108589
0.483750419
0.484786566
0.442661313
0.517442669
0.506038669
0.464786061
0.463818758
0.507097419
0.541137182
0.441188294
0.479171202
0.461769569
0.462122936
0.521452679
0.531327895
0.480222808
0.435915986
0.478708845
0.515863726
0.475100871
0.457086206
0.489977345
0.511212597
0.453607823
0.474031095
0.47613106
0.472195378
0.474963118
0.494019789
0.498368974
0.501209722
0.452463316
0.463831464
0.509720526
0.568716931
0.495259235
0.489967793
0.464756497
0.464539914
0.468660525
0.48369047
0.490921691
0.506875891
0.499838114
0.494878513
0.503348825
0.489423616
0.471354514
0.468681229
0.482205767
0.498557442
0.504705079
0.500618369
0.484393216
0.463471691
0.537013666
0.48678607
0.524319438
0.520769395
0.487753731
0.534822363
0.481888016